1.438554434657358438e+00
1.519765119886704596e+00
1.405522325081556279e+00
1.448515174590242482e+00
1.420951519592396073e+00
1.424580835342893925e+00
1.412447019683424454e+00
1.436533798096617742e+00
1.487946246765790015e+00
1.505139658338938480e+00
1.629062844426447221e+00
1.464141751355666266e+00
1.444005339636042384e+00
1.436921624794138319e+00
1.508674432661210707e+00
1.454997247754734380e+00
1.369049418692860787e+00
1.389019706292168310e+00
1.391366657548539942e+00
1.404998312471408939e+00
1.620227006891055588e+00
1.457057622695133503e+00
1.441608333463346048e+00
1.580114409788281327e+00
1.678189215516179056e+00
1.545470964395578406e+00
1.710765878590803091e+00
1.696442202070609140e+00
1.780005115525306936e+00
1.550501002482830737e+00
1.545606371257892242e+00
1.511786205032690011e+00
1.551815889268376658e+00
1.399894397466269202e+00
1.511049891615608987e+00
1.662940007033098633e+00
1.542108127863801359e+00
1.661465260887814654e+00
1.480244589490853802e+00
1.472409599398472935e+00
1.627493738076924101e+00
1.672717219591965065e+00
1.564132243399604771e+00
1.568188020073387978e+00
1.715848811512217909e+00
1.562607291998525882e+00
1.533895875765949546e+00
1.572706621035929730e+00
1.578361524903464153e+00
1.493379473080437281e+00
1.596967727882927290e+00
1.589127837831619594e+00
1.551657697029598326e+00
1.527438175527862096e+00
1.618162758517219357e+00
1.469573900885049467e+00
1.529507802780701198e+00
1.531618597177611951e+00
1.552128422966709609e+00
1.518128969865023770e+00
1.551903616457066537e+00
1.576818182191834561e+00
1.437974938804513769e+00
1.434772118007930253e+00
1.502467589430019457e+00
1.601584053088093595e+00
1.449669933428670676e+00
1.506078837327645248e+00
1.496905190054097723e+00
1.774719564717706088e+00
1.561991082877860704e+00
1.655979989668982189e+00
1.635635290102379624e+00
1.636154396686761103e+00
1.602125851796678324e+00
1.466435921629256178e+00
1.496972237976530451e+00
1.551908127725780240e+00
1.616165521086912360e+00
1.566140371179495006e+00
1.584251590363882523e+00
1.555260600273867588e+00
1.392376007007781524e+00
1.566947879633121765e+00
1.514093719656875558e+00
1.559390357313927167e+00
1.525075342597287165e+00
1.510953563185824189e+00
1.511606285452430587e+00
1.608807928813261068e+00
1.545614916245552362e+00
1.526986908955697775e+00
1.494889675435495446e+00
1.478533586135983846e+00
1.515631028317183659e+00
1.511215337010817006e+00
1.711158265600783546e+00
1.635362485921936226e+00
1.491561847305338029e+00
1.418894411674379574e+00
