3.498648053270659197e+00
3.716988929383994389e+00
3.652518414792687906e+00
3.398750137820737649e+00
3.720195988503525175e+00
3.642533145309551301e+00
3.903917752597097390e+00
3.567208461716974366e+00
3.605349395662878820e+00
3.789104565855921702e+00
3.575045998350770304e+00
3.650147778599071469e+00
3.633434733215362478e+00
3.547136188747276986e+00
3.712167643760579505e+00
3.573412829392024648e+00
3.334304220752192460e+00
3.550641557285763916e+00
3.694963699771269816e+00
3.464940999772815111e+00
3.722117279694338698e+00
3.633111483324009239e+00
3.594059528235088674e+00
3.847193810428484184e+00
3.513976958690818275e+00
3.597329868282630461e+00
3.450919245626333787e+00
3.551170101620290787e+00
3.581346609557975125e+00
3.522426693111130103e+00
3.577846472330829197e+00
3.536163353240875828e+00
3.618958881119093363e+00
3.597400536066921450e+00
3.825156073613452890e+00
3.539285952490060616e+00
3.578061169050003265e+00
3.574258462558723259e+00
3.434569228710453892e+00
3.913343967383085875e+00
3.593576648591312317e+00
3.723721017076436990e+00
3.474411074599278226e+00
3.590658306716137282e+00
3.585841923090786310e+00
3.599421107468464776e+00
3.575172923531871216e+00
3.706417686326231031e+00
3.752452113825239799e+00
3.482425633220946448e+00
3.572028221877602938e+00
3.525357653540228675e+00
3.633121822988957916e+00
3.571852019614148777e+00
3.603797536617592723e+00
3.647639751523554352e+00
3.548897513131292314e+00
3.693499066097221117e+00
3.578631345089795079e+00
3.661279853997683187e+00
3.643940856810251372e+00
3.734493163421603423e+00
3.678351627602098439e+00
3.563446639576770991e+00
3.666056270192564526e+00
3.768209319494064680e+00
3.655254809176208930e+00
3.722206887746506432e+00
3.652746673485783635e+00
3.765055530742431600e+00
3.537252096125993006e+00
3.761758974759721763e+00
3.651646067134384221e+00
3.527914284684397828e+00
3.675968022296632665e+00
3.972553195853415264e+00
3.573249449536770150e+00
3.558479955367012781e+00
3.550683855380126097e+00
3.524953450603569127e+00
3.541395437231201093e+00
3.547736794494458223e+00
3.543045753010432453e+00
3.359886015416813088e+00
3.475373179753804553e+00
3.653116389002855069e+00
3.682628827377369962e+00
3.567451558281550028e+00
3.577477125769946475e+00
3.579312693425733993e+00
3.597895722802636698e+00
3.629377474676849236e+00
3.609330972747414989e+00
3.537500080686284853e+00
3.535292362430217494e+00
3.631546251544333970e+00
3.517058985415773442e+00
3.624514859161836799e+00
3.594049072163268743e+00
3.824107004342680138e+00
