1.692880796462757687e+00
1.489636045891133964e+00
1.503213001231832990e+00
1.523320115467271973e+00
1.562182272567006480e+00
1.546748211904496406e+00
1.480781035155814163e+00
1.424106465706336477e+00
1.505260738535630916e+00
1.582546543086548629e+00
1.724128180432550561e+00
1.459820193691797163e+00
1.469422637399039111e+00
1.573636943925601051e+00
1.680483946242022464e+00
1.540512098625055115e+00
1.587907053204091756e+00
1.524956619342366260e+00
1.655830960991309775e+00
1.521714882413355285e+00
1.741469682897831328e+00
1.638798369687599177e+00
1.597660229865958570e+00
1.564035640592517096e+00
1.530639764519264201e+00
1.602142194497923500e+00
1.602046397678122513e+00
1.538556377298026412e+00
1.548656435116035457e+00
1.539223984917932331e+00
1.614515564477175591e+00
1.671367517498316690e+00
1.725137256237844419e+00
1.652914336239901028e+00
1.581102966440240731e+00
1.696153109947694082e+00
1.694960119827313427e+00
1.551964760658364639e+00
1.563617713363744333e+00
1.667993272679547667e+00
1.770586856264856790e+00
1.588030440231371854e+00
1.576655592257426353e+00
1.677351050370360586e+00
1.607641528313626500e+00
1.632979454961288823e+00
1.667586064271354473e+00
1.632433680823726974e+00
1.503879386229645787e+00
1.631035269518386732e+00
1.515285950555891770e+00
1.628259498220679724e+00
1.572014011368942921e+00
1.557309414322499919e+00
1.446986919895764556e+00
1.654354459920239107e+00
1.606372516234880754e+00
1.627197344097290443e+00
1.773063811074948148e+00
1.630726332394656364e+00
1.765412102493348012e+00
1.930305942190362334e+00
1.763140747276547016e+00
1.626571125249346661e+00
1.620374266925643125e+00
1.803866540315491207e+00
1.771734765222362284e+00
1.729326825972264059e+00
1.826798537515117893e+00
1.700856329771927911e+00
1.734799262684466159e+00
1.648624084170446258e+00
1.751463704319601966e+00
1.779462957871191353e+00
1.660167966311636434e+00
1.732829469029191882e+00
1.695636015254598838e+00
1.779317147892093276e+00
1.800840140108620702e+00
1.726577967200691344e+00
1.713378757567612709e+00
1.679382830111599834e+00
1.734207335827276486e+00
1.710583353804483009e+00
1.837195385405792747e+00
1.828559146777364752e+00
1.666696685897511854e+00
1.729152932984630242e+00
1.697767706766573736e+00
1.758936906447068127e+00
1.712328946520531137e+00
1.737418349210432922e+00
1.649384816422318378e+00
1.739497813195176823e+00
1.632616578328445645e+00
1.678772906371813534e+00
1.620452430395051380e+00
1.691682976205442612e+00
1.710175184793065295e+00
1.665110550170527226e+00
