1.270346866432859656e+00
1.017616840123429345e+00
1.001235083487012290e+00
7.070059288714004575e-01
7.305410031719304920e-01
1.010818788605893470e+00
1.044406548175667027e+00
1.224249210911521502e+00
1.028464407712236461e+00
9.056847805716689015e-01
1.271648139405165079e+00
1.154828870785482797e+00
7.597136112707865152e-01
1.071692621317494432e+00
6.071888644163083715e-01
6.540230621631779595e-01
5.500561123968655819e-01
5.290327836709963760e-01
8.812495664918100768e-01
7.175657122299909929e-01
8.622188887757328279e-01
7.467477524037904324e-01
1.000573878826527263e+00
1.006013976860441472e+00
7.227524155547279117e-01
5.823354948739628556e-01
7.626429689875027229e-01
6.225979197744789806e-01
1.139279715131775061e+00
6.786877966752360436e-01
6.879920838528762461e-01
7.094638221084441643e-01
7.452049244272404005e-01
9.512589524817305353e-01
7.693682653690856466e-01
7.236569787787778818e-01
6.575558037421109780e-01
6.437836001189055635e-01
6.802140565309234832e-01
5.197507168588560988e-01
8.847119648982435525e-01
5.853450545748999367e-01
3.190330273479429768e-01
8.246133393837691283e-01
1.296715431140781583e+00
3.321734465176059414e-01
1.064210483041580391e+00
6.400518241077667314e-01
1.272005439795112602e+00
8.556017072884091190e-01
6.046736473291052238e-01
1.266842812783789407e+00
1.172336557461012507e+00
1.618049153805699358e+00
9.242958181623396330e-01
9.786149034727291696e-01
9.587951495100803800e-01
1.185978003019119376e+00
6.685210113281490063e-01
9.164960998408503423e-01
1.077954929615484891e+00
9.084187884198410279e-01
8.466285172369399925e-01
8.304357904655698119e-01
1.196251825039193584e+00
9.356929725530092057e-01
1.504352386265447317e+00
1.142819206522206255e+00
1.118148636273811780e+00
1.489763800159620732e+00
1.291630258591072389e+00
1.239686638926957629e+00
8.692925313043788904e-01
1.410304015446551373e+00
1.130247438092144785e+00
5.447570873524898438e-01
1.083691771433904050e+00
8.228605757987098590e-01
1.632830724119698873e+00
7.872755784976050997e-01
6.770420065127318310e-01
1.315010177200406138e+00
1.246906455532137414e+00
1.077318749805782794e+00
6.620021510735657477e-01
1.252894707868480895e+00
6.327889296191776536e-01
9.528208186186399864e-01
8.895954047736405190e-01
7.980344028086094887e-01
5.814020637633539046e-01
1.033399148247019728e+00
6.136957184673847987e-01
4.950367003214401485e-01
9.686854698510900530e-01
8.086866331799350549e-01
9.919322652753059799e-01
4.499568605382951447e-01
6.182926333885176984e-01
6.498077050443705760e-01
