8.836522402673943066e-01
7.052728321125141253e-01
9.624747028403816129e-01
8.869900246174377001e-01
8.916970823104787280e-01
1.189748002008675920e+00
9.030802876723779127e-01
1.045510606420655630e+00
4.390659404091147300e-01
6.886956205522453134e-01
6.361762877842872532e-01
8.303151142697464682e-01
1.246203722308821149e+00
9.209359824200752387e-01
1.152492148658318394e+00
1.118611184904597655e+00
1.241025857881639993e+00
9.226897932069871855e-01
1.082099858130934900e+00
1.202836355977206173e+00
1.041589883164074415e+00
1.132969915633799118e+00
1.021556953221374409e+00
1.345308200825204192e+00
9.428300193893730530e-01
1.040783566473319599e+00
1.207612668063084094e+00
1.028724597813720942e+00
1.250424950361631371e+00
8.990095247248949262e-01
1.317896502340504483e+00
7.404510324095142648e-01
7.214321108188127551e-01
1.128905284496575456e+00
6.947560029198573961e-01
8.172708190126197758e-01
6.677317654602257235e-01
8.012445498494199514e-01
8.130974848899087393e-01
9.316140669624682902e-01
1.036706539607089361e+00
1.358630519000152859e+00
1.355608546794133451e+00
9.247916650751252243e-01
9.559382982155891773e-01
7.480974258455257431e-01
7.790203816428928896e-01
1.094996704883786531e+00
1.938812520212329860e+00
9.785334166258139454e-01
7.251170436268609132e-01
5.538106727015205122e-01
1.270017740186396571e+00
9.936524887356349423e-01
1.176432443634076952e+00
9.611948595852400912e-01
8.993441657419323221e-01
1.250309845322330027e+00
8.159674477546333682e-01
1.021907255677596993e+00
6.000899067299085843e-01
1.200984140126497346e+00
7.965683471634480428e-01
9.177405514984398049e-01
9.585924880027579809e-01
1.116118000208008443e+00
9.368402463423068927e-01
8.836331468444333925e-01
1.427686326954092921e+00
8.363478772744642464e-01
1.195335847084683767e+00
7.785828996849961658e-01
8.750597535410651329e-01
1.261629038194152619e+00
7.433610307146150120e-01
7.445186597691988428e-01
7.226372586193998693e-01
7.151852398729109384e-01
8.882466988635159266e-01
7.416365334849338575e-01
1.496760451751634191e+00
9.387317719480656741e-01
9.325391956264438287e-01
8.833506180424881560e-01
1.004564339883543100e+00
1.066805909001424579e+00
9.150963047323892319e-01
7.489232023871247312e-01
1.211140903392061263e+00
7.726967790911172251e-01
9.011620926561544342e-01
1.131164546365242218e+00
8.354681593208868051e-01
9.202352660410543228e-01
9.921142915461077516e-01
1.205601538345911994e+00
8.836997447313963416e-01
8.566004197421610566e-01
9.143168428872314735e-01
1.007405791408467755e+00
