1.691578523969170966e+00
1.742656968873528722e+00
1.705746607602347975e+00
1.562507051180463957e+00
1.778693493385759661e+00
1.675389340098689006e+00
1.739868425095585147e+00
1.592680844443177701e+00
1.515590284018609513e+00
1.577407876317261426e+00
1.526484875138627517e+00
1.596771358703932275e+00
1.606613329461194395e+00
1.460499291475954253e+00
1.616582758484651272e+00
1.799067102145429642e+00
1.641618456374760004e+00
1.746839153872485895e+00
1.600521743883164927e+00
1.594691118344939929e+00
1.726302669650886967e+00
1.880502071722667035e+00
1.879438773280131425e+00
1.860496193098007955e+00
1.866125880724493591e+00
1.842696699270295113e+00
1.844293440750883306e+00
1.722804283886317567e+00
2.000413133724060710e+00
1.899047456917731136e+00
1.965391874112790482e+00
1.836347826395948957e+00
1.966165580282208003e+00
1.966778936569088199e+00
1.842346834058934624e+00
1.852544558249384465e+00
1.854599617072771878e+00
1.686742293761116729e+00
1.966708638657526764e+00
1.682404838955387616e+00
1.658840452355057282e+00
1.692103312150688099e+00
1.986530280348986377e+00
1.734398551387236420e+00
1.689702158130585108e+00
1.736077186491981283e+00
1.744520691113991218e+00
1.976353450296311820e+00
1.738847107009239501e+00
1.823173122422728110e+00
1.690432838042469132e+00
1.835138463278807697e+00
1.807553188969563740e+00
1.719851961529524464e+00
1.719237710927522089e+00
1.549627903952487173e+00
1.596782849301463081e+00
1.728900485684901733e+00
1.778984860301978665e+00
1.790505692172740693e+00
1.629035244736662058e+00
1.771086683705132891e+00
1.823311047607202084e+00
1.549461592754141526e+00
1.677712481428037306e+00
1.750754853513168730e+00
1.703769421547059126e+00
1.745610098980225455e+00
1.565206029738676508e+00
1.630385218901094335e+00
1.616871928536299796e+00
1.763773820192229502e+00
1.727052611265331272e+00
1.665148341578350122e+00
1.807467993626507230e+00
1.775065663527333193e+00
1.885374828678723969e+00
1.707835766053259263e+00
1.679689860577570082e+00
1.631665836904309996e+00
1.587262022519641880e+00
1.645530774520268302e+00
1.648596078860854464e+00
1.522498936331933228e+00
1.692699879800796392e+00
1.559868442764523522e+00
1.711890192001177313e+00
1.557415047100177530e+00
1.624208982432173487e+00
1.634065828744795779e+00
1.607913449226431535e+00
1.700420711759058845e+00
1.791578308182392831e+00
1.540737707123606581e+00
1.591089338862917701e+00
1.630516080529113898e+00
1.700588160053365883e+00
1.655587625903689908e+00
1.612786390331180320e+00
1.638089554855487018e+00
