1.159005030351742738e+00
1.267320882327295894e+00
1.192036110244720781e+00
9.402444187874263726e-01
1.126132850022798948e+00
1.065990569641036112e+00
1.296994355421329237e+00
1.247776586691131229e+00
1.247275571382039150e+00
1.149476882509652409e+00
1.297990787644758504e+00
1.332460464425559987e+00
1.403362886937179033e+00
1.009191441711856818e+00
1.013921946340864855e+00
1.026533039804487846e+00
1.121014274100761376e+00
1.394829632085267335e+00
1.208644440515940222e+00
1.068240427250949143e+00
9.842290093869203726e-01
1.112957763202454542e+00
1.143571109997139734e+00
1.035478960170803875e+00
1.111941549395137896e+00
8.998743360283916193e-01
9.887238865802256971e-01
1.103435383253210000e+00
1.014458677678641063e+00
1.046603259017685916e+00
1.003511240364389545e+00
1.206622928674797590e+00
1.114390491261002314e+00
1.257190326135695813e+00
1.239133577432141253e+00
1.675559092914656434e+00
1.127635812326463149e+00
1.183320885304262271e+00
1.079606730258624081e+00
8.488802319493780058e-01
1.133988777939418879e+00
1.204385898498674834e+00
1.070738263667465606e+00
1.083912915503363772e+00
1.336723251850086225e+00
1.056177990246361054e+00
9.840907077619308607e-01
1.177026430822386338e+00
1.125609391271591209e+00
1.124907740181181559e+00
8.953257488665525843e-01
1.077396703487471852e+00
1.125996737118120761e+00
9.547207643060815485e-01
1.207006784093291207e+00
1.174809907383621344e+00
1.064963970669476012e+00
9.629955502667087996e-01
1.115127053394957546e+00
1.491110528237645116e+00
1.184460811336114583e+00
1.006128168070173690e+00
9.510449324771070856e-01
8.843784670219710931e-01
1.085479792824545875e+00
1.095706451165363138e+00
1.035439271367228686e+00
1.185584348223174267e+00
1.266751381471976190e+00
9.903757346170821707e-01
1.179540700316954682e+00
9.759399983697371050e-01
8.721967207916757614e-01
1.025883561117999720e+00
1.023028085837997869e+00
9.997818678589829311e-01
9.897606115196784238e-01
9.570078598748643639e-01
9.116457722035152811e-01
1.206612339558504443e+00
1.158442901223602828e+00
1.126016460264477770e+00
1.100626398279365370e+00
1.100735755284751427e+00
1.166926534385885894e+00
9.914195572273665213e-01
1.132707073434953138e+00
1.516527935823001050e+00
1.139277999209753700e+00
1.120337153509354255e+00
1.124222378822057555e+00
1.355547667581657123e+00
9.516009446053094178e-01
1.053715753774067343e+00
9.638489999592625423e-01
1.114923452563460815e+00
1.061389526501934411e+00
1.237095748810284057e+00
1.155419815841898012e+00
1.163722630917432888e+00
