9.091450558750241440e-01
9.310486992331635792e-01
9.712461097277930167e-01
9.538533039342821374e-01
1.042753007600084603e+00
8.287507920224720381e-01
9.727429682686163925e-01
8.792207581989121001e-01
1.009112852921473458e+00
1.124912317855828681e+00
1.068184644962644647e+00
1.028014521256802372e+00
1.107877788000174890e+00
1.025362895669013064e+00
1.278852048717785017e+00
1.281330881272484179e+00
1.396264727110269499e+00
1.162833078280076871e+00
1.256378102937157237e+00
9.002667322063294675e-01
1.064490804486950770e+00
8.695370772665310666e-01
9.532407066375342408e-01
1.085868859228629635e+00
1.133736872050167932e+00
1.072784914741901519e+00
1.110616593593469537e+00
1.142662886044999215e+00
1.117883761873834869e+00
9.486285072971101240e-01
1.331542805719208022e+00
1.057690831288516264e+00
1.061975319183504185e+00
9.667904454785930524e-01
9.009979118244658691e-01
1.445970248259081270e+00
1.001223007255248598e+00
9.480005497268017001e-01
9.511833527069405436e-01
9.257273556994420893e-01
9.726764219267209910e-01
1.015837558041627453e+00
1.222382933553761930e+00
9.372185909177137564e-01
1.184801953454849954e+00
9.352891145954738139e-01
8.909313413376964697e-01
1.079675867981634507e+00
1.158032713771355526e+00
1.084152655365178131e+00
1.021545126191445663e+00
8.849484033035878161e-01
9.903868846899482881e-01
1.185714522369927915e+00
1.234750744169859971e+00
9.524725313991488918e-01
1.039064636232933658e+00
1.072961044115492868e+00
8.916563888953044081e-01
1.156722948149436325e+00
1.151624772218545312e+00
1.075010679895728405e+00
9.878923284471723409e-01
1.059048564172787144e+00
9.379131144120729235e-01
1.201800734674391080e+00
1.130534005244320461e+00
1.427854212818287394e+00
9.536556695383020532e-01
1.023016660572044545e+00
1.037992188397482751e+00
1.046447708220945572e+00
1.170659016463765800e+00
1.542900722254114676e+00
8.467692824952789410e-01
1.137930412876100306e+00
1.255454776571785835e+00
9.602025923496529947e-01
1.004672583730152002e+00
9.397070710516518544e-01
1.147580277491784040e+00
9.787930285771463401e-01
1.007905159857561017e+00
1.141571420216690891e+00
1.014307656007665148e+00
1.292783404698667038e+00
1.090818360206375681e+00
1.199222926000646172e+00
1.115037350642510638e+00
1.261207838299231332e+00
1.197598335706017370e+00
1.321068110997595468e+00
1.052918621972717572e+00
1.112928724765953614e+00
8.822059224782559106e-01
9.977784069666980615e-01
1.263756196921329567e+00
1.041869859764673611e+00
9.943373028165340966e-01
9.714325209895298130e-01
