3.752815388948587128e+00
3.569074969886863791e+00
3.518602875342160985e+00
3.558473109056216721e+00
3.541767321279393421e+00
3.546470374661042868e+00
3.685038564999298050e+00
3.535386234934459804e+00
3.601003374164586823e+00
3.672520395465255216e+00
3.572344517041585288e+00
3.687180934871326698e+00
3.579225600293773901e+00
3.625796612194043700e+00
3.816052565596493196e+00
3.558232593162774737e+00
3.413510634984538772e+00
3.804060476609516073e+00
3.638254976251477313e+00
3.810481437812251571e+00
3.878499044869244017e+00
3.799749524412074919e+00
3.830081467011372531e+00
3.757203267502487787e+00
3.653479542064284047e+00
3.832746838438832349e+00
3.719927845861315863e+00
3.467596756414147663e+00
3.914633211201157703e+00
3.753966878098797810e+00
3.650068696873444374e+00
3.637317027572174233e+00
3.688691105875886667e+00
3.469075624244946532e+00
3.689221133360173877e+00
3.446900287128900064e+00
3.518308789954657456e+00
3.579009986021249645e+00
3.729434004956989845e+00
3.610087576077691374e+00
3.642235873464743090e+00
3.581442875492332423e+00
3.668800813965008345e+00
3.464773261925517822e+00
3.628668709772832290e+00
3.642432082121472181e+00
3.696490692958919411e+00
3.818726497054588886e+00
3.455929700454104747e+00
3.629688490953565161e+00
3.700396261197537839e+00
3.600356193844045372e+00
3.916575334035249156e+00
3.592895225680188265e+00
3.652647523788503658e+00
3.553831592461401900e+00
3.823209064027748294e+00
3.853867225582505274e+00
3.645286766723955019e+00
3.620812965456833510e+00
3.522069916360377917e+00
3.598321005134036188e+00
3.472645327628616663e+00
3.536022262098159619e+00
3.693325771493932930e+00
3.841079474127208737e+00
3.583934468532561812e+00
3.456935519043641492e+00
3.411334210144321144e+00
3.593516462732178063e+00
3.881836787397010102e+00
3.655064179581395845e+00
3.795757024312503169e+00
3.675128354925159435e+00
3.726229819445000313e+00
3.663698525128681993e+00
3.635893674243658502e+00
3.572573831577831704e+00
3.572002211470634681e+00
3.681410336981857601e+00
3.729849490572686221e+00
3.523642238261900594e+00
3.530499559581716795e+00
3.764084260405601512e+00
3.566446929089881035e+00
3.451097504025316010e+00
3.506539577957853648e+00
3.603681158945236884e+00
3.613845538129011992e+00
3.543527301195407375e+00
3.836177060703957586e+00
3.473993948318410574e+00
3.646743845213984425e+00
3.705898733552166036e+00
3.514605684464957580e+00
3.788780161986673889e+00
3.695799529019217378e+00
3.750091019998331276e+00
3.723149252726830838e+00
3.615332248514973479e+00
