1.717068532099559786e+00
1.702940768181390174e+00
1.762376567403370897e+00
1.685947586828596023e+00
1.785311011650484891e+00
1.766936622959565772e+00
1.508750856329891921e+00
1.595683309807526706e+00
1.673724155245578826e+00
1.626118288483797691e+00
1.639914159790816894e+00
1.595710596545952820e+00
1.657092882004773227e+00
1.579564753072052463e+00
1.532043877389863029e+00
1.730961697132528565e+00
1.708098609692712877e+00
1.461975536327787095e+00
1.525686892587931220e+00
1.533851548411256260e+00
1.598808940051867911e+00
1.530706977761870924e+00
1.924459189159078543e+00
1.864548437054155183e+00
1.646186144551804675e+00
1.559523339609017123e+00
1.495714229766812897e+00
1.471762325403170202e+00
1.520645571845609334e+00
1.638329383160968877e+00
1.745848249803861219e+00
1.951632804221664630e+00
1.918229230673469621e+00
1.903470071963615062e+00
2.106780543504765735e+00
1.980063017104477074e+00
2.169642697598812564e+00
2.083793166732291979e+00
1.870336927685237294e+00
1.992941675878495023e+00
1.643946892236859414e+00
1.985026390882140834e+00
1.835741070264535368e+00
1.894679350501792259e+00
2.357372607937743503e+00
2.142686157021994831e+00
1.952022431372437472e+00
2.073251041829828001e+00
1.768275182998470640e+00
1.785347697764440023e+00
1.701635941153879283e+00
1.616706445797454705e+00
1.549230879717772735e+00
1.537529970283369130e+00
1.876961428950149502e+00
1.988746049918222347e+00
1.601650364591444164e+00
1.570306521321647608e+00
1.580879917321036832e+00
1.748651494112930527e+00
1.468500550871803423e+00
1.557455773727399739e+00
1.473515515921825836e+00
1.502145096355294251e+00
1.998728797545747282e+00
1.597018904521158023e+00
1.694021545230791848e+00
1.546622749319116696e+00
1.737454130117327633e+00
1.662395208229533239e+00
1.734024190905825602e+00
1.750709554567458248e+00
1.658680786187376466e+00
1.671345892120331911e+00
1.663470486943013471e+00
1.671337917341189305e+00
1.651944385069372245e+00
1.545252034740904223e+00
1.680457157047778427e+00
1.724748423926544705e+00
1.579621219523705822e+00
1.538643907941894318e+00
1.724348019817314670e+00
1.673118983632958745e+00
1.799154500507734067e+00
1.619244901461227792e+00
1.690448374456013259e+00
1.695073704681688165e+00
1.743036747655903662e+00
2.019698378066592248e+00
1.971188258764245305e+00
1.865430960702850971e+00
1.674388642877630451e+00
1.948362389574833653e+00
1.737982942207079828e+00
2.118709351796464802e+00
1.767279194164163680e+00
1.656988848419972182e+00
1.722946919142064548e+00
1.613499552520038849e+00
