3.462329192159864899e+00
3.675127394352008192e+00
3.445331141224611926e+00
3.495274863538700316e+00
3.575591688095473231e+00
3.538728696727837075e+00
3.694559473988848097e+00
3.567766545967000269e+00
3.657544294671139617e+00
3.618190414080014961e+00
3.611017007631291520e+00
3.560663054924430693e+00
3.544417524276399778e+00
3.650064456754424480e+00
3.600969362878587265e+00
3.612759319870161079e+00
3.564475413160499873e+00
3.730459096069342451e+00
3.762895235621797507e+00
3.547139726023565309e+00
3.560085404124421427e+00
3.694058364275192297e+00
3.647207217860568562e+00
3.644846691895055724e+00
3.684923399353261075e+00
3.572462164227664161e+00
3.772431614682475676e+00
3.539055554251100855e+00
3.559637396055458591e+00
3.771700533694580137e+00
3.571597619861578199e+00
3.566309838106385133e+00
3.839950530060199707e+00
3.674548438479465773e+00
3.803631491353702376e+00
3.433279046545421043e+00
3.674431536235539753e+00
3.700938857548730532e+00
3.544801047583396425e+00
3.642827699320737356e+00
3.604617604435934819e+00
3.533744274443990196e+00
3.505131903517252567e+00
3.563614710656497486e+00
3.573447904227225802e+00
3.453868635957535016e+00
3.443239520960730271e+00
3.557927490434989792e+00
3.633454463002156576e+00
3.718580872979424523e+00
3.776348633337818228e+00
3.674283726454197208e+00
3.655311707361164064e+00
3.579807923331607800e+00
3.518768948094702420e+00
3.580733009826924551e+00
3.516855199996160142e+00
3.739720452925757943e+00
3.766279088226300420e+00
3.614058910084311016e+00
3.602883825482342317e+00
3.815985110671357372e+00
3.576100987880574067e+00
3.680524067079349759e+00
3.699072626276653342e+00
3.473769552051280129e+00
3.635123891900066795e+00
3.682279177926354397e+00
3.469574363982222298e+00
3.704397993233558672e+00
3.494302100180637360e+00
3.613075471999883881e+00
3.499335443009075064e+00
3.586862366261313717e+00
3.701017000228723042e+00
3.709426825902954139e+00
3.614612747169610785e+00
3.714551491687015705e+00
3.363182601242025171e+00
3.462697591102316341e+00
3.702364343371783661e+00
3.594747630071680522e+00
3.728284394010382918e+00
3.449832010173453423e+00
3.518932395845987937e+00
3.700316688134089649e+00
3.647521581748158770e+00
3.586239388801228944e+00
3.494286413797309532e+00
3.536912238067166925e+00
3.641462296153930023e+00
3.520455877895513286e+00
3.531584292455510532e+00
3.408496705778564895e+00
3.611495741498573331e+00
3.376713769707525348e+00
3.617008924801255798e+00
3.441599778070384641e+00
3.551403916231993474e+00
3.573922650618387653e+00
