1.380113550590664762e+00
1.439161320801938926e+00
1.460061907688504856e+00
1.437356060345952091e+00
1.401860062718799149e+00
1.522849750485330667e+00
1.462307148239853083e+00
1.548317278847355594e+00
1.523939025290584892e+00
1.589921845132114653e+00
1.535642319032789249e+00
1.626928079102896385e+00
1.498669330565001401e+00
1.512597307399839774e+00
1.509714256304424573e+00
1.414272619667162667e+00
1.431374083000398256e+00
1.495172385167623297e+00
1.508093763516249242e+00
1.436374930973874697e+00
1.443689834056925969e+00
1.475784951216375429e+00
1.508366479904732715e+00
1.544171043188215187e+00
1.530354737008282617e+00
1.491299387224634065e+00
1.545989919628138365e+00
1.559138239500251322e+00
1.575123761650167653e+00
1.673529664735577960e+00
1.633638244278705853e+00
1.657191982725054524e+00
1.648884851461480672e+00
1.550616049485360026e+00
1.555051501081765375e+00
1.532275364037934073e+00
1.540368231093121931e+00
1.569976360041537955e+00
1.490549191547112740e+00
1.839965609696415427e+00
1.762515039611638024e+00
1.722552976820010517e+00
1.687450294928473982e+00
1.525321290797710949e+00
1.494625635015819132e+00
1.597344097524233897e+00
1.653168208179949694e+00
1.578624753793270052e+00
1.559917797053617994e+00
1.731790123738506049e+00
1.811867607214526998e+00
1.533476319888433803e+00
1.487457062657048690e+00
1.547129588958234825e+00
1.669950587551604304e+00
1.620812387689922307e+00
1.478270261058602042e+00
1.494528692665916259e+00
1.633343403987223663e+00
1.659559052303041016e+00
1.626346160010259778e+00
1.539274315455027908e+00
1.543756780748489321e+00
1.601474041554510341e+00
1.628012072789131404e+00
1.539380818529639372e+00
1.486933268273681330e+00
1.701189992591774391e+00
1.685321806152203727e+00
1.595202984159014736e+00
1.554256723862929457e+00
1.734457318786964297e+00
1.644792270630705211e+00
1.725278739084826096e+00
1.510086451483964032e+00
1.590714403305208746e+00
1.519120097405532999e+00
1.704767360190163616e+00
1.706456322769210443e+00
1.556272721812996362e+00
1.628799540233544896e+00
1.717617802774132008e+00
1.522536862003332159e+00
1.696596456196672875e+00
1.482177853526558176e+00
1.580269087774014869e+00
1.527157406728428146e+00
1.514752885906153868e+00
1.628195293040509251e+00
1.660672136074404781e+00
1.649317543425227184e+00
1.606929148741403024e+00
1.598426436739976753e+00
1.543240317542265094e+00
1.558435887436081746e+00
1.628744753189397931e+00
1.603513813675518263e+00
1.754521715176801777e+00
1.683972148170238547e+00
1.835884854603979655e+00
