1.347067734210428247e+00
1.363236950711223416e+00
1.361133766551144042e+00
1.459318953336545821e+00
1.507573226109929276e+00
1.472587196584567604e+00
1.431368720565223907e+00
1.485868518236069580e+00
1.566760472712281915e+00
1.455435257395337079e+00
1.415152568805666755e+00
1.528911874814576688e+00
1.524408209578727025e+00
1.503710503051083114e+00
1.402255499775325598e+00
1.423268931976135576e+00
1.348311489495512161e+00
1.550088337324965870e+00
1.581545595973134155e+00
1.533961699351665597e+00
1.542743484885658045e+00
1.423704755922949650e+00
1.300703994053340917e+00
1.324262367055279110e+00
1.453594262951276361e+00
1.326404499290175121e+00
1.598533462136919159e+00
1.340788825019779695e+00
1.439532958414771580e+00
1.608455936580865941e+00
1.518505435982108631e+00
1.517813957548300063e+00
1.556793603135516291e+00
1.574766089731879593e+00
1.404741225714286390e+00
1.503946672967002574e+00
1.609836535128541746e+00
1.809386245639257540e+00
1.574268818677546644e+00
1.735862908005382677e+00
1.543379330306185571e+00
1.746556611745348597e+00
1.564614029892263281e+00
1.709552239518394412e+00
1.750099387697969799e+00
1.820775011364607066e+00
1.727771727837254634e+00
1.634720488400710714e+00
1.643454229550866286e+00
1.675647076788952416e+00
1.659896680585788209e+00
1.578740942645502798e+00
1.542080009578128630e+00
1.638316763079384675e+00
1.595390404406569651e+00
1.569265896823510253e+00
1.607887497470510851e+00
1.482041321752144647e+00
1.666874566686557646e+00
1.571127327927431594e+00
1.499028731279261173e+00
1.555205353868096330e+00
1.448252755315685869e+00
1.500064425198125440e+00
1.608757345819859852e+00
1.678440879556757581e+00
1.386468061664651419e+00
1.432933279076449296e+00
1.454665791998400293e+00
1.392330646980501019e+00
1.457709077537287845e+00
1.316565201729585244e+00
1.425542561835521749e+00
1.493675570756912263e+00
1.508086061171840075e+00
1.736410807885525820e+00
1.661351986708534456e+00
1.650148396388235961e+00
1.760034483220641155e+00
1.652765789725640477e+00
1.609831028841319567e+00
1.479905972890590782e+00
1.544242566535847461e+00
1.528022840525490977e+00
1.457157097248102051e+00
1.670776268498234574e+00
1.697768064320110071e+00
1.526212105437692479e+00
1.498760464784667956e+00
1.693038971580527186e+00
1.678502985257869451e+00
1.682504007150438241e+00
1.670684661041404562e+00
1.729542284868682778e+00
1.678029008757975005e+00
1.748627325598799187e+00
1.661849395319443978e+00
1.634360944555209860e+00
1.567605702264256884e+00
1.641430824226765006e+00
