1.025073608126017666e+00
1.229985927996011252e+00
1.089872157486080129e+00
9.864329754830714059e-01
1.177999407127251263e+00
1.008110988433495336e+00
1.316275397523683388e+00
8.837920945692360197e-01
1.311821693340850636e+00
9.273586777228284284e-01
1.140025461631438919e+00
1.074231989039696744e+00
1.116267576242075732e+00
9.790324774453261769e-01
9.966634724181758775e-01
1.044106666827513408e+00
1.192937554729737393e+00
9.587871477753479033e-01
9.631088811498828006e-01
9.602101148097910155e-01
1.049474331114092385e+00
1.095246988102181573e+00
1.063170503274906586e+00
1.032105166237013982e+00
6.574456672915029998e-01
7.718543538146890315e-01
9.066290454053352876e-01
6.326869446987970491e-01
5.156610850044371919e-01
4.729603751682130430e-01
6.009984802789022362e-01
1.215098812904676251e+00
6.232119790608278143e-01
8.959161944706136582e-01
5.499510600300765439e-01
3.453243212597400524e-01
6.045608372662518715e-01
7.216225242894060976e-01
5.759404550794989808e-01
6.849250625913244628e-01
4.850427888640504448e-01
6.191514259156997158e-01
6.915626852179088679e-01
5.886555002219954202e-01
7.693335364084286088e-01
5.834461824576585576e-01
7.556124600074307640e-01
6.966492284454122164e-01
7.364802300457599094e-01
8.684030090090113507e-01
7.759936402705035485e-01
4.844813711833678704e-01
6.926055329256188831e-01
6.888966113358259147e-01
8.520996883889537798e-01
7.839943391693202646e-01
5.958492940513744340e-01
7.363489790735374685e-01
8.952091307204104176e-01
1.107073410838509187e+00
9.644027184158669996e-01
1.174167681685895692e+00
1.052429547350381078e+00
8.751580831871418331e-01
8.395331837537887143e-01
8.023097187191424728e-01
1.001656680986305670e+00
8.196027414734919914e-01
9.325495114905323346e-01
1.114721850592143682e+00
8.877285579950582317e-01
8.988303314117490617e-01
9.651900913729761777e-01
1.081482298050405300e+00
9.233009849496952581e-01
9.158196709194049712e-01
1.254598135195837294e+00
9.033331797106818328e-01
9.331418551620147550e-01
9.470456161891008806e-01
9.785119813843866643e-01
8.870283040425811505e-01
1.006918977371159984e+00
1.131112358624979164e+00
8.913336123769233232e-01
1.096711964711943654e+00
1.238710619551290915e+00
1.061551832891766356e+00
9.187967897910827020e-01
1.070514374367496302e+00
9.536653300635898889e-01
1.033847831140552564e+00
9.572058232251674514e-01
9.354844804595278118e-01
8.373824140131089777e-01
8.589049893292672877e-01
1.164560023716959991e+00
8.875077686993545489e-01
1.057816490836626766e+00
9.127864976137766151e-01
