1.424445244734642735e+00
1.445666969665327484e+00
1.381459432440055535e+00
1.429196069456601270e+00
1.468078292305535992e+00
1.521528546400603199e+00
1.568910099760837173e+00
1.657261635910611375e+00
1.615264443514608628e+00
1.583779723762291702e+00
1.489394570126726602e+00
1.519226622985380359e+00
1.500021230541318529e+00
1.513645093329981872e+00
1.535379916104413489e+00
1.539627583253899257e+00
1.650046092219681571e+00
1.371628063315267321e+00
1.607247577611649048e+00
1.588790676007715730e+00
1.654000939519821411e+00
1.621130753808899483e+00
1.622799851363547097e+00
1.592307985467243503e+00
1.515919033454074194e+00
1.640499567866187336e+00
1.564816436100360475e+00
1.597897709951957790e+00
1.510506195932647788e+00
1.504255335818150074e+00
1.486266865934747328e+00
1.519190598757273802e+00
1.532708948533086701e+00
1.575948017348126395e+00
1.503658690392428943e+00
1.616959589102102912e+00
1.599070619804187521e+00
1.784905146230185702e+00
1.611820030831262462e+00
1.614205489322829701e+00
1.653124469275090824e+00
1.593573684770223764e+00
1.658473977043810166e+00
1.571141086382637386e+00
1.756976378990114496e+00
1.585770978409384524e+00
1.635779501306381833e+00
1.757273263542187491e+00
1.680046713126771341e+00
1.576248635247949448e+00
1.478012293215680950e+00
1.598247510492743162e+00
1.559204736628890364e+00
1.463840781532252722e+00
1.382732277849445968e+00
1.450014549198430647e+00
1.441779131147652659e+00
1.501488051295914117e+00
1.552789321987750437e+00
1.711541562554972584e+00
1.654369856309068076e+00
1.582970847926038926e+00
1.617751516650831833e+00
1.609107603332223357e+00
1.530387792004855418e+00
1.498856020350755713e+00
1.488149733799460472e+00
1.625162342809477467e+00
1.602224982072808057e+00
1.543798134029165769e+00
1.488596478509306209e+00
1.556729018043234491e+00
1.606123139434238345e+00
1.536377409855270271e+00
1.632216374458479224e+00
1.677174675424171646e+00
1.571667919336157793e+00
1.591232908762491682e+00
1.572198879844033392e+00
1.586952616151943607e+00
1.578034018465858557e+00
1.567640578331667145e+00
1.584219950570395330e+00
1.560682347023649497e+00
1.747908391402724693e+00
1.846430842539296568e+00
1.850894079606780096e+00
1.748019717832997921e+00
1.630839674469670708e+00
1.674021644005362131e+00
1.470242222269143362e+00
1.460238083060319214e+00
1.693121917203800120e+00
1.626208805461642148e+00
1.570846934951728002e+00
1.613431668686984288e+00
1.589467252427466670e+00
1.548447934045560803e+00
1.539649119378923903e+00
1.699186259418393297e+00
