3.459517019625361733e+00
3.594519879648622851e+00
3.833673749757907867e+00
3.601621057554584837e+00
3.626219089035839005e+00
3.877657009925183029e+00
3.723832094123361802e+00
3.497788541199740031e+00
3.460712067391189084e+00
3.682556149472929974e+00
3.636465652550590733e+00
3.643004343753575291e+00
3.638027007217054187e+00
3.751305100789242619e+00
3.804295171112579865e+00
3.679475245777947379e+00
3.663133711414144233e+00
3.666291085489976620e+00
3.686563968892046628e+00
3.511215887574488548e+00
3.727744832780485851e+00
3.474387869212764546e+00
3.585137928145357478e+00
3.399883510952043775e+00
3.503795295586728642e+00
3.604474987346542036e+00
3.577876702504801276e+00
3.653035533902849075e+00
3.806240095858295813e+00
3.586655743960621034e+00
3.775632540247446656e+00
3.365350479186897115e+00
3.480833645504648466e+00
3.489036749221081202e+00
3.489931653402314371e+00
3.779058501973872275e+00
3.505141606983683378e+00
3.625873678780178189e+00
3.720931343098421884e+00
3.597665136600266322e+00
3.449320566496867801e+00
3.580095926299133868e+00
3.764357599546949817e+00
3.594317782446392329e+00
3.682480621329905279e+00
3.638416925998702478e+00
3.604970923798364257e+00
3.547913698904421320e+00
3.655384413328052418e+00
3.548150097426302274e+00
3.766999655390352864e+00
3.678280586990505530e+00
3.743671924234697190e+00
3.655246071464786528e+00
3.565292297577234315e+00
3.525478521852289937e+00
3.697072589265816056e+00
3.823132727799750885e+00
3.518335114580092071e+00
3.670002474709941787e+00
3.659870660139491250e+00
3.558237400880544410e+00
3.699675275529734630e+00
3.694967607281857802e+00
3.732258278634441151e+00
3.502582080391865471e+00
3.525005963818220067e+00
3.499961040377078447e+00
3.520992287698764933e+00
3.588524167708577739e+00
3.576923387081946792e+00
3.664637643695478619e+00
3.443643881825904529e+00
3.611178632606524719e+00
3.826013133988265036e+00
3.557493008467270457e+00
3.676791996321233214e+00
3.451887325206379309e+00
3.500936971035966572e+00
3.670199187158879717e+00
3.656167539643996545e+00
3.607291707495024813e+00
3.714594742142306227e+00
3.775106627367776913e+00
3.656175519008975972e+00
3.724466635794080549e+00
3.600954566180530225e+00
3.531874633155594356e+00
3.561441434665079786e+00
3.471967207298531033e+00
3.418471555262402983e+00
3.711156795886552562e+00
3.650578312514519475e+00
3.643322554194030172e+00
3.482974586054405020e+00
3.452790933492334791e+00
3.533847466145378924e+00
3.721401505205717886e+00
3.554478620753619644e+00
3.660045681722329025e+00
