1.483604960107010928e+00
1.366259053297176784e+00
1.352535727496800400e+00
1.482436993283136051e+00
1.485338378071858978e+00
1.484939439947406736e+00
1.580540141840161672e+00
1.422662644118249720e+00
1.619947362062255092e+00
1.552256243537672109e+00
1.554325232288755743e+00
1.780502439255881031e+00
1.949880723530649673e+00
1.860299039232701013e+00
2.131585191466575324e+00
1.447759833763498261e+00
1.643944505948760515e+00
1.783291894615273376e+00
1.680913309836102876e+00
1.528008821014991803e+00
1.474388374860056583e+00
1.531416343221137621e+00
1.695590291638082947e+00
1.564064964885779618e+00
1.499672000511123926e+00
1.672308345431742671e+00
1.624813504631537731e+00
1.556241280560054285e+00
1.558757632886220268e+00
1.707006262466382873e+00
1.747595985781522199e+00
1.500308605393889883e+00
1.773898742946130369e+00
1.529982221140243404e+00
1.460627651845635144e+00
1.644336191050764340e+00
1.392454477054947404e+00
1.678930665690391066e+00
1.408822631820397131e+00
1.550360516013441936e+00
1.560778962602110242e+00
1.751709852679171453e+00
1.459995550930903052e+00
1.484628419243913422e+00
1.432221008844458021e+00
1.433066089636551466e+00
1.524204834332545166e+00
1.379401809262303935e+00
1.492088875987424013e+00
1.343418322599792436e+00
1.388115786750968583e+00
1.357428244916342841e+00
1.461792781667752505e+00
1.459107604212422915e+00
1.521171180091286379e+00
1.508296475817102023e+00
1.511359269757415191e+00
1.435908697156876412e+00
1.456482905517156867e+00
1.486769303885188576e+00
1.440398583210029892e+00
1.577548841856623030e+00
1.600284271912991496e+00
1.752932725290140104e+00
1.618122179754726497e+00
1.600504746490044816e+00
1.530167344569056453e+00
1.541764428540878029e+00
1.702953336923518801e+00
1.513737861207155477e+00
1.504238029487978912e+00
1.660187622462419021e+00
1.599350416156659627e+00
1.560877384657707756e+00
1.573913779650298439e+00
1.511460776617374879e+00
1.476045723636175477e+00
1.405218321960204353e+00
1.436897497435248638e+00
1.486257420327718126e+00
1.569451993390832634e+00
1.561952373372262892e+00
1.666236572541540673e+00
1.559285677576770945e+00
1.473020988160929523e+00
1.658081336087273927e+00
1.677106044116609906e+00
1.547549925697100592e+00
1.614569070159845632e+00
1.510311643615979138e+00
1.583774095483869493e+00
1.836706591783217712e+00
1.529759881693823376e+00
1.510990779294558495e+00
1.581995199041496658e+00
1.800925098695459470e+00
1.560859477132331863e+00
1.541946762169235763e+00
1.610652953136731957e+00
1.663223654250700845e+00
