3.978264127267571171e-01
4.498023486500416501e-01
4.335302208607034191e-01
4.870656542019493607e-01
4.707048128977927015e-01
9.813894153651766539e-01
6.485228359077362947e-01
4.821645786566310377e-01
5.637038804030266581e-01
7.220789536609498738e-01
7.551746936030037105e-01
5.305083214377482870e-01
5.935647602667482037e-01
7.444118969043188594e-01
5.913988695486918079e-01
9.152024737117114839e-01
6.262015989925807657e-01
6.352524337255771592e-01
3.143595994933497950e-01
7.780291180325485945e-01
7.712016841557041147e-01
2.789175964115321871e-01
5.419132192692851513e-01
6.355691871510610325e-01
7.085441969341148560e-01
4.371630632034313457e-01
6.940465741434936886e-01
2.814428689534556050e-01
4.449728527753054053e-01
5.826538096177616977e-01
4.617309147483740217e-01
6.230288862815749340e-01
3.975631549838059553e-01
9.428996115588278437e-01
4.277067266858656236e-01
4.867433988816501356e-01
4.530166378786840142e-01
4.618188323950369600e-01
5.643658119112971994e-01
4.579894978349279278e-01
5.367899673105531733e-01
5.307433328877718681e-01
5.327951156588082160e-01
6.810581230327724667e-01
1.953482205045866671e-01
6.690723598134258321e-01
2.845805253177084992e-01
5.754007332908642747e-01
5.301519137690404726e-01
3.232915731886694677e-01
5.328193172408348666e-01
7.801717472967097944e-01
6.851600010531007090e-01
5.319218382753565511e-01
5.160240376110782901e-01
7.494714299357959630e-01
7.274089846068871879e-01
6.663455596972522876e-01
4.641825974652526443e-01
5.461410770607945109e-01
6.709154309663223348e-01
6.350989487709309822e-01
4.830194079202065893e-01
9.743306543429492983e-01
7.281527634097376689e-01
5.642589498309887874e-01
6.750739841846356004e-01
8.311908545828952111e-01
8.435372827618342617e-01
6.328177337199811792e-01
4.243733527462351107e-01
6.195503592946411953e-01
7.336864930824488207e-01
8.028936575701627332e-01
8.938291985137376550e-01
5.791552818503717948e-01
8.932945300142057787e-01
5.685347610716493527e-01
5.207418602656527229e-01
8.487771720686348997e-01
7.742168280520862478e-01
8.843750325002990298e-01
8.823879751551121364e-01
6.199142513473816507e-01
7.901387432711082237e-01
6.032315506546583883e-01
9.253344213160106246e-01
9.356782320776899642e-01
7.545716351755371587e-01
6.870927429582199819e-01
7.825602776285595086e-01
8.148450680688881231e-01
6.919265993080652155e-01
7.075724253573281164e-01
6.536089019212474316e-01
6.575710270036367877e-01
5.047916836175355693e-01
5.254955596413751762e-01
6.979277341861838124e-01
8.164032975783415136e-01
