3.671303169963709312e+00
3.520654555736117519e+00
3.736688662009509443e+00
3.810035680664153102e+00
3.431567233905752801e+00
3.485971618959196938e+00
3.614363735248270704e+00
3.503426911636728480e+00
3.690469801866422817e+00
3.580730014508544556e+00
3.743314537634948369e+00
3.729137341386549842e+00
3.655114387701938305e+00
3.624939762272433974e+00
3.439656574314164494e+00
3.622540036986567458e+00
3.649077483987142489e+00
3.668818347596767726e+00
3.541424770749292961e+00
3.533690423446529394e+00
3.728688593456322309e+00
3.495256384185688070e+00
3.608362690388970506e+00
3.671403923744186670e+00
3.662954946820220936e+00
3.539211630577983048e+00
3.801050482120736707e+00
3.718801877320617066e+00
3.655084062646401843e+00
3.808661764495944624e+00
3.626626735615458230e+00
3.605303280938831012e+00
3.470590744964453300e+00
3.599516311545866376e+00
3.538293984894327782e+00
3.596986059820548309e+00
3.685141148115823828e+00
3.676052387644038077e+00
3.563809464355114365e+00
3.581227344557435632e+00
3.459036218349617275e+00
3.707954317151463286e+00
3.646450732071361500e+00
3.738488240476890656e+00
3.541576906094233035e+00
3.600084992665966599e+00
3.642889877856507752e+00
3.412914338344389176e+00
3.828161593904789051e+00
3.859651477843573986e+00
3.752435659501291987e+00
3.644279617905588964e+00
3.636098520325919736e+00
3.627880077705550654e+00
3.613213814951580893e+00
3.523768128127039212e+00
3.726807730737762725e+00
3.593203571063573687e+00
3.513193979496583186e+00
3.670937092790082179e+00
3.574728589451150018e+00
3.623726393949267433e+00
3.648807285690971014e+00
3.807288753841077344e+00
3.493760315020883578e+00
3.459218640708976000e+00
3.788845303839908141e+00
3.616917535215916857e+00
3.658808229522463318e+00
3.534145913208791789e+00
3.570464605926288559e+00
3.881092710812385160e+00
3.544899199286568603e+00
3.525784660500877798e+00
3.690882521651114079e+00
3.951824948535624937e+00
3.684871854278859438e+00
3.590811014755046937e+00
3.437567614041861841e+00
3.651575193867188318e+00
3.683628169619895143e+00
3.544877553846671692e+00
3.754009809120208097e+00
3.782211171899277691e+00
3.673851921792163466e+00
3.513179443694419479e+00
3.588611318931844707e+00
3.658358470903509296e+00
3.522259989764954469e+00
3.670456142153107226e+00
3.613624441503253681e+00
3.581938908722896997e+00
3.465166179345416708e+00
3.598096769012875118e+00
3.529248725863448843e+00
3.420861161691242547e+00
3.341164969192998324e+00
3.822800994176090317e+00
3.778763373288119176e+00
3.779353770736013196e+00
