7.990202201565950180e-01
7.505507490354301758e-01
9.051547270296760317e-01
6.742479986181787455e-01
7.993606720668112731e-01
6.416935543751297599e-01
6.135547740652743665e-01
1.006383034607271298e+00
9.582500390940852375e-01
1.067271712890850877e+00
1.223756541701527478e+00
8.836228397845093951e-01
1.332795577703264733e+00
1.257765426877573756e+00
9.878548846908685732e-01
9.279352304388868156e-01
1.288724673277645838e+00
1.065494957875290805e+00
1.343965508725927238e+00
9.790072975623863583e-01
1.082062933545570704e+00
1.035002906849088022e+00
8.706981327081088073e-01
1.221505943636484570e+00
8.852764124980402327e-01
1.303387267691103135e+00
9.158851050283443040e-01
8.830074746296374677e-01
1.115523570554081134e+00
1.217376710807649864e+00
1.000264988502040486e+00
1.056891431635709866e+00
1.004422100240603521e+00
9.220014935102397446e-01
8.621985807352625653e-01
9.070690425410792290e-01
8.930753130504158754e-01
9.627896886233332507e-01
9.409536746477691338e-01
9.762648371832024496e-01
8.702153824844048868e-01
1.012933336939067397e+00
9.257350676014923785e-01
9.999806717811247081e-01
9.856126788701866648e-01
8.928608798248508505e-01
9.282310111280371867e-01
9.640662435028566346e-01
8.077608274149049583e-01
9.510208896669050116e-01
1.032742401262002785e+00
1.370227084207995771e+00
1.155546526569429577e+00
1.175845037009019878e+00
9.745595399173199169e-01
9.308241496902470713e-01
9.331637472357061647e-01
8.044769423516323625e-01
9.425989969300369031e-01
1.246981078280873234e+00
1.086271155351759665e+00
1.096432451971988353e+00
1.065969300874187731e+00
9.901785315674643817e-01
9.619666596824212323e-01
1.474645732107178420e+00
1.151951075932212687e+00
9.457436444803546394e-01
1.103850108746906589e+00
9.635820133733127291e-01
1.140167097081057568e+00
1.116634333315594585e+00
1.098670024989135019e+00
9.980183677011281729e-01
1.282342795868766983e+00
1.412700677050079623e+00
1.262518100562690870e+00
1.025447523911261927e+00
9.935996849808064191e-01
1.047020025401668164e+00
9.292388520355941983e-01
1.001509029654402472e+00
9.966896218260646867e-01
1.224901720928297300e+00
9.763367812101434451e-01
9.293632181565151251e-01
1.025659630351006602e+00
1.196432034595696692e+00
9.921420776364451299e-01
1.121421344499500039e+00
9.752525004108772988e-01
1.015291442627179741e+00
1.001510038738997022e+00
1.117887356881801297e+00
8.300221687417650429e-01
9.516142720464273452e-01
1.024049226473732199e+00
9.919639099166980278e-01
1.056688798818445907e+00
9.305942253225496508e-01
