3.518117050859108641e+00
3.584438058400621685e+00
3.632913479654126920e+00
3.626797408653852806e+00
3.751805363519891134e+00
3.604151228968976994e+00
3.699384093422909636e+00
3.588989605951577122e+00
3.497137725667304853e+00
3.373486293384467150e+00
3.721668180282862171e+00
3.647230133312080014e+00
3.703052238771809002e+00
3.681742242752644056e+00
3.589769816925231005e+00
3.642245623308666858e+00
3.568698339886732906e+00
3.747593184588736026e+00
3.687816141200505271e+00
3.640917971150478660e+00
3.607375086416400034e+00
3.659026698468239136e+00
3.567652668657459447e+00
3.495716883991686785e+00
3.872831698036400816e+00
3.615780364414934667e+00
3.481606185266524101e+00
3.587218957937692743e+00
3.607673928561489607e+00
3.599642862014381439e+00
3.594123743302857221e+00
3.617478789000213357e+00
3.529226283234202732e+00
3.504556993896316808e+00
3.686744568705041303e+00
3.572730458114015573e+00
3.573963985858853221e+00
3.786489684560967461e+00
3.604277232442360646e+00
3.424310182202164210e+00
3.492255968104432284e+00
3.730119789311365786e+00
3.506512586244640239e+00
3.512983405023171191e+00
3.515668959345369160e+00
3.442339302165932757e+00
3.540818188475572281e+00
3.412123865099448317e+00
3.463589663265204788e+00
3.583892575960285320e+00
3.521551095009354704e+00
3.766591553644850876e+00
3.681996719083462821e+00
3.754535590263265110e+00
3.649727203114536689e+00
3.636269142468241622e+00
3.567015993991702327e+00
3.464249337232392811e+00
3.611159433349745651e+00
3.531380105610687714e+00
3.519529030176956397e+00
3.486071841661720683e+00
3.684294157035413519e+00
3.566645453595254533e+00
3.569625358950055727e+00
3.517192629591691322e+00
3.424080859610052929e+00
3.566209018089731231e+00
3.601497484039286157e+00
3.579156584052179735e+00
3.507943691547349196e+00
3.550726799678066037e+00
3.716028825520616863e+00
3.622967166497066849e+00
3.624921946343936607e+00
3.708333587183911373e+00
3.489459052581890486e+00
3.539008884708092495e+00
3.525941163732539518e+00
3.719550950582222182e+00
3.522428698531177460e+00
3.579697124344646486e+00
3.633775139076687477e+00
3.671847562162001477e+00
3.633587093605011198e+00
3.567575686593355666e+00
3.715376654723142824e+00
3.669925030826198142e+00
3.595077837020535405e+00
3.576911778109014950e+00
3.676854820022249726e+00
3.507504136386950577e+00
3.823502718579474546e+00
3.555572010903532920e+00
3.622905900868641282e+00
3.764903949034065889e+00
3.487060040321038112e+00
3.458546860569067238e+00
3.764129560995873813e+00
3.788157156807985704e+00
