3.514210417211720561e+00
3.564936170475392352e+00
3.732072981898608255e+00
3.607973611088022281e+00
3.447483990257998787e+00
3.444676766806802348e+00
3.611037512644818204e+00
3.671353272823447256e+00
3.548289900171357036e+00
3.714867562288729275e+00
3.529637328500734750e+00
3.653591793723044212e+00
3.519417383611956218e+00
3.569889979885280340e+00
3.459578747082606043e+00
3.645476342975873862e+00
3.522920469094384721e+00
3.801956790901982686e+00
3.539435466586656087e+00
3.565764856460072796e+00
3.673091032403811518e+00
3.645749656692985230e+00
3.732015732963576138e+00
3.829043998575691443e+00
3.735791743062657044e+00
3.385201667127915925e+00
3.579487366103232926e+00
3.508227293969795380e+00
3.557529834742850117e+00
3.583593489392586928e+00
3.649145079480110798e+00
3.533127330639424635e+00
3.462025565095240953e+00
3.497525475099872772e+00
3.848771302455326282e+00
3.770459528277784855e+00
3.966433747193322645e+00
3.553908200189675348e+00
3.681420063205618654e+00
3.833012597087138040e+00
3.568685780516553940e+00
3.637558340347703201e+00
3.714984992735109515e+00
3.567822572314863994e+00
3.618097689992180843e+00
3.797548333346036475e+00
3.780192271466887632e+00
3.587928681603386849e+00
3.783832931322778315e+00
3.608201952186327777e+00
3.324066852729829158e+00
3.828943169894912124e+00
3.559859933372068852e+00
3.570252224769001614e+00
3.919878809026604571e+00
3.604793636304160831e+00
3.629012808008643898e+00
3.555575664596448249e+00
3.509392299899154022e+00
3.491806904164483694e+00
3.752085386162902214e+00
3.514813989174344844e+00
3.613661787455682894e+00
3.459879015197374397e+00
3.500090980803411078e+00
3.809777618038467484e+00
3.583912669704193199e+00
3.926426151761232219e+00
4.026437961071143157e+00
3.663537463593386168e+00
3.678683332091427616e+00
3.621553115706010129e+00
3.452517478661734085e+00
3.625330358238746165e+00
3.628686184609418497e+00
3.584718828323957940e+00
3.632960592358784879e+00
3.644533809321450324e+00
3.722850774630155790e+00
3.594594284528932260e+00
3.656497858316576366e+00
3.704069803568205366e+00
3.728815732269280314e+00
3.709853346920243489e+00
3.618312913021880295e+00
3.487515127126739944e+00
3.737697236724543348e+00
3.767358474545025704e+00
3.418527647715225548e+00
3.612044404519280771e+00
3.688823634748946922e+00
3.572979118636313345e+00
3.539732319032485641e+00
3.666930598650197215e+00
3.460757282037703053e+00
3.529942434506558868e+00
3.709649350960987135e+00
3.834816182581594735e+00
3.482822168637214943e+00
3.703901587486590152e+00
