1.067279577178663841e+00
1.018595205066453957e+00
1.203203157784694444e+00
8.034995543054913592e-01
1.266321632349796333e+00
1.056261584360928429e+00
1.314502847829006171e+00
8.157624789275562671e-01
1.053102382182935282e+00
1.011226146339545329e+00
1.169404686035937502e+00
1.052455639097277018e+00
1.121957153422492137e+00
9.934647862156399389e-01
1.048500291152481889e+00
1.216936604496788865e+00
9.623848903431482249e-01
9.520848842401343770e-01
1.016234334465605293e+00
1.067056809484428159e+00
8.022453667285017742e-01
1.377743784683838957e+00
1.020250844287606817e+00
8.844924817798803796e-01
7.419824563807951856e-01
8.687439867895212497e-01
8.365056628705223041e-01
7.928681135602029251e-01
1.099856499903659746e+00
9.041546915532143736e-01
9.227297733451672590e-01
6.270518757115934871e-01
7.562428405907604123e-01
1.030133152560416709e+00
1.014610207079070570e+00
1.094669923878518025e+00
1.000419673845281743e+00
1.186171625107901972e+00
7.994308147434431300e-01
7.959868859332581703e-01
1.081494822010925505e+00
1.549804556546892309e+00
1.346614855828938806e+00
1.242130225806345800e+00
1.085368824410228417e+00
1.160270083977047229e+00
1.024068264842213916e+00
1.100103835610402037e+00
1.202837767868587981e+00
1.102129969721393543e+00
1.385809248498008683e+00
1.354288218982864000e+00
1.022880703700899563e+00
1.159511229534373689e+00
1.476311431716053058e+00
1.459312732543120328e+00
1.023867765272961083e+00
1.406979422450912232e+00
9.988183835681808675e-01
1.265819917249831006e+00
9.881077865222090972e-01
1.381847040335653976e+00
9.463284020775858396e-01
1.378214534110471901e+00
1.596857359954528821e+00
1.435190823325144915e+00
1.164663842903712387e+00
1.970816494849338518e+00
1.482082872163725806e+00
1.224756079056931624e+00
1.244433631775279103e+00
1.136160901249587685e+00
1.263591443545664994e+00
1.365298911110324420e+00
1.117967577906743726e+00
1.236819141499659214e+00
1.148559299007983814e+00
9.747536279029398454e-01
9.584636791694096658e-01
1.015464453513268639e+00
9.876744590519284106e-01
8.901588337192937184e-01
1.546768697041312812e+00
1.155290774874313531e+00
1.330344578210023609e+00
1.069402341848082694e+00
1.168181352336795653e+00
1.249935868197319833e+00
1.106199853902368080e+00
1.197598626225000462e+00
5.409219316409977774e-01
1.194795060690279298e+00
1.066779564630140342e+00
1.287262367641360816e+00
1.364420815859471281e+00
1.237273035962567214e+00
9.242284613081201972e-01
9.637367260356836107e-01
1.202595359720170620e+00
1.295369823649196617e+00
