1.399906062311666588e+00
1.369588917472031264e+00
1.164427999412713355e+00
1.712283422276640543e+00
1.515862546457215077e+00
1.980124496129314293e+00
1.100829940090273906e+00
9.306563144061182902e-01
1.300702453657005320e+00
1.115054237963791106e+00
9.263092454715766699e-01
1.600196557158950705e+00
1.637964054199611441e+00
9.508605148388723505e-01
1.381079051010001502e+00
1.535814456622102142e+00
1.516535816714046581e+00
9.506617006175545059e-01
1.837312002368727049e+00
1.035611824245549872e+00
9.509379451655561866e-01
1.258614310529257985e+00
1.658203255556555789e+00
1.776118133229962925e+00
1.358009621783869747e+00
9.778471458751336609e-01
1.304278945699208769e+00
9.767202697551369273e-01
1.085279591508676811e+00
9.881259289061874451e-01
1.191304374895345797e+00
1.297210135460228564e+00
1.441111557957023726e+00
1.632799090182788904e+00
2.007211048935384934e+00
1.447308477462157850e+00
1.564101927415406657e+00
1.408877516395131702e+00
1.870398757137980317e+00
1.997993482426352552e+00
1.577998880127431391e+00
1.672641721331492581e+00
1.882424854731056918e+00
2.060239392385036616e+00
1.426414564193286605e+00
1.801901926213621774e+00
1.732126087066558018e+00
1.575840595013948686e+00
1.522944954179908938e+00
1.771657818648164184e+00
1.961113984744441208e+00
1.372232667226443770e+00
1.103725551199208121e+00
1.244493269247872735e+00
1.559640998738088813e+00
1.621365895772950205e+00
1.834560449399748050e+00
1.600152148160974619e+00
2.116301247895601367e+00
1.402978750726693979e+00
9.801688862356960907e-01
1.548976289515945348e+00
1.549581179955152210e+00
1.369719466997212143e+00
1.716089890541703689e+00
1.105725460853572262e+00
1.684251138296092076e+00
1.186699083862162496e+00
1.330965802185185343e+00
1.699982729711321028e+00
1.276822323481248578e+00
1.570153107352971311e+00
1.763482059767433885e+00
1.272411989402660204e+00
1.345452737143599142e+00
1.450354362928962138e+00
1.557925071041777798e+00
1.208200492023179029e+00
1.886311587468112005e+00
1.987712132909299489e+00
1.048011390941380405e+00
1.032104377655620908e+00
1.574325844512287187e+00
1.557125037968731140e+00
1.568837837689699422e+00
1.370250434627449110e+00
1.609378736813347421e+00
1.392482631473748178e+00
1.634425204306221513e+00
1.452031611468936223e+00
1.525975930267740033e+00
2.217651314026118925e+00
1.834336823252336712e+00
1.474255355038457838e+00
1.605674491959231176e+00
1.867530068580046665e+00
1.496019688219541122e+00
1.653511696652059104e+00
1.088877229519566558e+00
1.213061035388895093e+00
