6.566284717314595509e-01
4.458160639034060013e-01
1.012914224391486595e+00
6.151758600264107812e-01
3.390916435704134368e-01
3.722326429846032902e-01
5.320568519482292702e-01
6.222550864325434583e-01
1.103299238834326346e+00
7.488894309930504978e-01
9.751993046735528692e-01
8.022251506675696087e-01
5.208807633075369647e-01
7.243309813695478772e-01
6.087663147670614450e-01
5.990514697319018200e-01
8.951532441093968950e-01
9.582830248438964915e-01
8.696458673465174982e-01
8.305442146108880097e-01
6.826106159277817165e-01
1.069147251304366497e+00
1.068795008304931793e+00
6.663073969771490246e-01
1.013338924252587203e+00
6.925592537241715974e-01
8.761064369047397715e-01
7.659550335365672424e-01
9.273360015322082983e-01
7.316768328536676913e-01
6.707437140480303484e-01
6.796520063456342742e-01
7.682266940175103143e-01
7.472565367532441050e-01
8.474281496714763939e-01
9.532747649136866785e-01
7.525026949384061581e-01
9.204487586279077593e-01
5.713587184339695701e-01
7.346744606644686204e-01
7.395563119150214693e-01
1.030271026644039578e+00
8.940315994026962754e-01
4.915001341305271776e-01
9.547118346904489572e-01
1.001490954520600107e+00
9.891035910098895378e-01
9.973720317796777035e-01
6.984087653494399639e-01
7.991415470824749789e-01
6.765008518869534138e-01
6.745356755699742912e-01
7.432033231916488347e-01
5.557608790044326064e-01
8.991301796461588225e-01
6.811506652404967221e-01
8.705310434923720919e-01
1.197464399973924287e+00
8.736451236679941834e-01
8.784914168329224227e-01
7.416201536167453812e-01
9.301300530180871551e-01
1.268829143221013922e+00
8.208362497735468555e-01
5.837946758741865416e-01
6.833536619922188082e-01
8.459853789310182171e-01
6.599346991953134456e-01
8.296250769840707306e-01
8.204496266974695695e-01
6.122270242305185572e-01
8.392148262828130756e-01
6.583642380223063695e-01
1.238866406835973821e+00
9.111311178260670385e-01
9.294691993298347388e-01
7.129104997016935119e-01
7.338922070240574413e-01
9.216978280215953889e-01
6.079124437872283071e-01
9.102225013613638449e-01
1.099406206963857935e+00
7.433485473166628887e-01
6.675594102518601636e-01
9.120881830905022136e-01
8.103754554869874172e-01
1.045272758338348540e+00
6.092543714326948967e-01
6.637625829729728588e-01
6.712290145653876383e-01
6.540701237636992182e-01
9.048820736025376954e-01
5.962921860671496210e-01
5.855172743962632209e-01
6.488947077535022201e-01
5.357297586459204286e-01
7.006840121123949494e-01
8.246441395349639603e-01
7.242170508577406851e-01
5.902484148529220098e-01
