5.766289018268995203e-01
4.635118067809191889e-01
6.664759775330252323e-01
6.953076615614464107e-01
5.745508343042112775e-01
4.985990894921695227e-01
8.031815017734417195e-01
8.785152935421371989e-01
7.077885746913561427e-01
7.226567288913831044e-01
7.281110362294365146e-01
6.641707601294090102e-01
8.122000962600166574e-01
6.306050776742906372e-01
1.260681173293496826e+00
7.405215247381092825e-01
9.052695579602458853e-01
4.423708335635338496e-01
4.591000108883824815e-01
6.178317577782354020e-01
5.211570023902079019e-01
1.162313663796164409e+00
8.113312406624788586e-01
6.320956088178669718e-01
6.650406682993847962e-01
1.261476109611223695e+00
6.544698808806832524e-01
7.613531379675048116e-01
1.387661390685668517e+00
1.228136748814572687e+00
1.044069432223210692e+00
9.070280383334431429e-01
6.927681239555847359e-01
4.757740315214966098e-01
7.620435503080459361e-01
3.491839580371358109e-01
9.528339434377555150e-01
9.823504199622129507e-01
1.075002290507694802e+00
1.148293434238952360e+00
1.114471258155506073e+00
1.030246761361743646e+00
8.628635952695408173e-01
8.083345059817774736e-01
9.175813221579524059e-01
9.911550586638689930e-01
8.279835267081107064e-01
7.677266028334770454e-01
6.544313399940273612e-01
1.222274689817550497e+00
1.048452457784064373e+00
1.348335759554689872e+00
1.420852648550058328e+00
5.708846956790309957e-01
7.985403912262237780e-01
8.626207455428759330e-01
9.049568935388587754e-01
7.460913336528542938e-01
1.341135970997232363e+00
6.857440447724182375e-01
8.213736410467509241e-01
1.052017174337168459e+00
8.442285713220927246e-01
9.302669460158533576e-01
6.004345634553162059e-01
8.805093244334372127e-01
7.737021258540818236e-01
4.427567352179156424e-01
5.027306782414561193e-01
6.358722246255495980e-01
9.049530109170130787e-01
7.549113779228129317e-01
4.325947194162114151e-01
5.710205569756151567e-01
6.536401332323195090e-01
1.023090752102251200e+00
1.022471852103407075e+00
8.902923802032709499e-01
8.228942563086794060e-01
6.142571107815500975e-01
1.056526230873418681e+00
8.714080598540638878e-01
9.978301437722361111e-01
6.830183409105210490e-01
7.789699654940109852e-01
8.437244141177074885e-01
1.018021770389249125e+00
7.268683815807706061e-01
6.711858877203372709e-01
7.698811804581028317e-01
1.034767122054957245e+00
8.415236283153220143e-01
7.743022166484431201e-01
7.724967448446936613e-01
8.199813826205993861e-01
8.468581881240871967e-01
8.999546699790165194e-01
5.650022729751474904e-01
9.462694541304259577e-01
5.108253104788682553e-01
