9.644105183946107829e-01
8.251213279089779640e-01
7.736057754774686712e-01
9.069238445712808350e-01
9.854197737326167994e-01
7.908201081434852453e-01
9.070020403245099283e-01
9.518885684147347925e-01
1.340102372434582634e+00
1.429294674025145095e+00
1.109906696262743742e+00
8.835333609620464879e-01
1.276348040820727947e+00
1.762311787040149680e+00
1.504380491791987184e+00
1.129110427663490013e+00
1.094671600081467355e+00
8.787356791209963713e-01
1.393489843470714362e+00
9.748459082532409115e-01
9.996307568720506076e-01
1.412881989549062300e+00
1.030034288490934369e+00
8.579388807234867853e-01
1.151062705095482031e+00
7.407732514254820044e-01
9.691418487165077700e-01
1.152579946361683705e+00
8.748916212364545864e-01
6.386122613360354361e-01
1.128061096275350339e+00
6.336200939523319864e-01
1.051067053453687450e+00
1.636520452350621380e+00
9.774099098675905761e-01
1.020762251873823523e+00
7.097654011196358192e-01
8.561519071756574784e-01
1.010986681850882363e+00
8.344301592751917074e-01
7.246715810141212133e-01
7.479289444266881137e-01
9.891134735452284943e-01
7.580156629793670664e-01
1.202354154900724836e+00
1.032008170896327792e+00
1.149564851628662954e+00
9.377631622263477018e-01
1.064639191263506923e+00
1.143240423411634010e+00
9.506754221131152871e-01
1.242615118425571374e+00
8.652103686434021723e-01
8.207748341599907516e-01
9.472237887034704595e-01
7.344778217632568218e-01
9.135446697801286042e-01
1.260403012464442529e+00
9.774578103814366425e-01
9.910553005900246681e-01
1.036490695590940314e+00
1.213509401564809131e+00
7.144405485872293848e-01
1.030656572166699370e+00
1.957842347154006957e+00
8.625206289995656084e-01
8.707871994682977457e-01
8.658807416493435882e-01
4.610975391890902442e-01
5.164878062756204091e-01
6.800521324550257152e-01
5.049469109283075685e-01
7.839345543765077196e-01
7.065920174202562354e-01
9.277060456075930661e-01
8.720976526564615527e-01
7.995014780677471844e-01
8.751206970795726292e-01
7.698073035661225916e-01
4.481466388819694835e-01
1.060333194514820443e+00
5.534497211694835439e-01
1.184553040211487440e+00
1.673884720874782905e+00
1.125319722840463221e+00
1.010563444986978698e+00
7.634731537494940934e-01
1.327874680430320531e+00
1.475470027198143352e+00
1.209751115083453898e+00
1.344222170222825197e+00
1.639031801116099141e+00
1.178029487948403453e+00
1.059521311142817890e+00
8.340102376904348080e-01
7.339796665065116965e-01
8.205315198546878630e-01
8.130214931212932372e-01
7.117533285513145680e-01
6.444576278304748884e-01
