7.314620497412105404e-01
5.393532021586868730e-01
7.777496125614060674e-01
1.155663029645964235e+00
8.430768956805214653e-01
1.096324198931179383e+00
7.667607479714635410e-01
1.035797491619616428e+00
1.099616911266698249e+00
1.037125773899150172e+00
9.981843291618249792e-01
9.826123865871347896e-01
9.144290988169202494e-01
9.592443937696598644e-01
1.398480798145796289e+00
1.004943956245530012e+00
1.251622915612963460e+00
1.000591023181458983e+00
7.807872825860999733e-01
8.906958692860909022e-01
1.059264917160130048e+00
7.180367061569875586e-01
9.674458120432893882e-01
1.247486732358718875e+00
9.251730263317796688e-01
1.668004733245276983e+00
5.215416908805549090e-01
1.044210800194241395e+00
9.358261619222191241e-01
9.300086693120975800e-01
9.661085336417384317e-01
1.182377718366954156e+00
1.044406968191269103e+00
8.860694263578682284e-01
9.769094256354945438e-01
1.128307747986731613e+00
7.918971636585024898e-01
1.140039686342209535e+00
1.198158106629363173e+00
1.173436475070008589e+00
8.506045160406057182e-01
7.222396483160761216e-01
9.890172890026701635e-01
1.162483534979009248e+00
6.779806427538803693e-01
8.290723615589270512e-01
1.076299428261831004e+00
1.175101465066357820e+00
9.062694232373307290e-01
1.179903750487710568e+00
1.180983828370590016e+00
1.180772818053938966e+00
1.120390863837265050e+00
6.447855037061460681e-01
5.356408214364934972e-01
1.365225867478675914e+00
1.018686930416950576e+00
9.305057052434432263e-01
7.326920003212092913e-01
6.817437958742394999e-01
7.423553752884927137e-01
5.301829023131784391e-01
6.753280871091199566e-01
8.861798684677804072e-01
1.074801466415852724e+00
7.835819115330623363e-01
9.337430231205158249e-01
9.721161828240215685e-01
1.096503313758272036e+00
7.753819941150229544e-01
7.507929296090567473e-01
8.862358510623531416e-01
7.695344939045302146e-01
6.885884369888487511e-01
9.143433496954971318e-01
7.362116930225790501e-01
6.828283507122313578e-01
9.065345311399339856e-01
7.422247992250619042e-01
9.066084658273809715e-01
6.056907104792979002e-01
9.459869969601643058e-01
1.212055084533799176e+00
1.071813863486660967e+00
7.645735613871863512e-01
5.517800620148191060e-01
1.353265942969849478e+00
1.655625412735008739e+00
9.463573278454738835e-01
9.018122594831869954e-01
1.017578330117469676e+00
1.522632949792701140e+00
1.040204762990664111e+00
9.625385337970902011e-01
1.178081775154516508e+00
1.363120509628279686e+00
1.144090888376114057e+00
8.637806187209043918e-01
8.481129746912324796e-01
1.043666483707927028e+00
