1.615836008218699771e+00
1.711968631543730579e+00
1.701920539315565195e+00
1.812649351900423200e+00
1.704780097375877546e+00
1.840666588387489755e+00
1.844431657675918101e+00
1.941484751646773477e+00
1.750668374158947493e+00
1.726280598196084926e+00
1.684902643880202611e+00
1.702758725170659515e+00
1.570861177856232249e+00
1.634503789077679903e+00
1.610717231617184719e+00
1.654464118943463902e+00
1.522812713841926291e+00
1.681851969612914610e+00
1.811838723371436366e+00
1.773476376491766926e+00
1.774058938596154267e+00
1.679582215076549145e+00
1.722874688571160551e+00
1.767877026004883279e+00
1.617290450956662351e+00
1.645013542482672175e+00
1.696183489199255323e+00
1.602600687954396363e+00
1.619410845043803393e+00
1.625348716193794729e+00
1.531886747731272536e+00
1.524130540989762528e+00
1.576681939376983532e+00
1.640997914299990201e+00
1.681086446490217323e+00
1.629346889481938065e+00
1.666455751310490729e+00
1.534041940375485913e+00
1.556433734988153850e+00
1.526206542264155530e+00
1.411423950249448112e+00
1.433639878465575945e+00
1.629020288619639434e+00
1.529850661248211230e+00
1.319512261827634703e+00
1.634418684231520480e+00
1.559468514234915837e+00
1.587125155533186671e+00
1.529107212518100445e+00
1.511736632962012772e+00
1.556239513723863599e+00
1.646805219007843935e+00
1.577026681335707448e+00
1.595618543538614542e+00
1.429500597115860971e+00
1.522762593664188202e+00
1.592810981511394219e+00
1.534082079146480426e+00
1.439293879907280971e+00
1.478221296785155570e+00
1.423900188301190584e+00
1.605564565486820250e+00
1.504369157687075464e+00
1.678654135821517901e+00
1.633713480330098777e+00
1.580066344573779702e+00
1.511561831688223778e+00
1.480902699593908523e+00
1.535580475168077719e+00
1.675661420087765086e+00
1.772473358733014814e+00
1.659957790547639034e+00
1.512537985023589826e+00
1.569172336465382678e+00
1.468984605801539001e+00
1.503315334948236881e+00
1.564269922828377402e+00
1.666346732139202036e+00
1.702864076416707340e+00
1.713168769180942297e+00
1.605423150539709853e+00
1.575107688329994593e+00
1.742780881132764748e+00
1.699057764319563901e+00
1.728177047764972940e+00
1.675762900022065960e+00
1.726407978712655611e+00
1.689790364586756244e+00
1.861634096497927882e+00
1.877348350045676906e+00
1.837856896547625185e+00
1.951727203768413244e+00
1.813665322833001081e+00
1.691140107362119949e+00
1.708210103426203386e+00
1.647348860114278501e+00
1.616658791272264972e+00
1.595520484329500110e+00
1.689089661152918032e+00
1.589085160301675126e+00
