3.629164668481577483e+00
3.391210008442750556e+00
3.488192879171634342e+00
3.489519006717935579e+00
3.481329834730017669e+00
3.382961491919786567e+00
3.560774248124642494e+00
3.548143771855775785e+00
3.804690520111539964e+00
3.841264569618466851e+00
3.566276148155060888e+00
3.434573800939717092e+00
3.502020100204863873e+00
3.697726609667758790e+00
3.727026928207726630e+00
3.617085635521152032e+00
3.543241289056514365e+00
3.700521639976344535e+00
3.697649189791758051e+00
3.498760262139600119e+00
3.591034950430904260e+00
3.597215608648351992e+00
3.692547920857129462e+00
3.497907652531637268e+00
3.415207704147519951e+00
3.644507493512761265e+00
3.516254514607402015e+00
3.576119133619383827e+00
3.527242037953582710e+00
3.524034514179875899e+00
3.579552934556260002e+00
3.665865291519169844e+00
3.484732774871367678e+00
3.447513143544899350e+00
3.456601648943115723e+00
3.690342646153527362e+00
3.529203549847395927e+00
3.331599023073170240e+00
3.539093063046523380e+00
3.502975706615426343e+00
3.755589691068863978e+00
3.650446727951529802e+00
3.694768332761921847e+00
3.503637599887692744e+00
3.730006760007983146e+00
3.731898348993702985e+00
3.702115821890449521e+00
3.586119700571624769e+00
3.540979982313571917e+00
3.604176591239980354e+00
3.492077863112591718e+00
3.621952903275357460e+00
3.747310803801762624e+00
3.714429006478790374e+00
3.687301344568338468e+00
3.836672127766312279e+00
3.441136400590472988e+00
3.544057811009704739e+00
3.571253660804235341e+00
3.542942850479645855e+00
3.668107300637919899e+00
3.509624645048492919e+00
3.608871186702596212e+00
3.484154213470778139e+00
3.715859566529286617e+00
3.455617188926816574e+00
3.398013795255714786e+00
3.465334088512473265e+00
3.563660090229459954e+00
3.539896052273295179e+00
3.546199951538724360e+00
3.464070540610033166e+00
3.301114232577633700e+00
3.573221413246267630e+00
3.451486909659370550e+00
3.474291586092087769e+00
3.523990734123934931e+00
3.627368496219586014e+00
3.643516570933555521e+00
3.369852672470713628e+00
3.501927448159128708e+00
3.459980321583181251e+00
3.494252478382635196e+00
3.366369247710474522e+00
3.581145728398932082e+00
3.448912310170102913e+00
3.473644219072998585e+00
3.552856270480224232e+00
3.631035916207121961e+00
3.552498182957932737e+00
3.551402172064711316e+00
3.380731731507651716e+00
3.553708129727426446e+00
3.542099269382810611e+00
3.616465905532639358e+00
3.523836115769277022e+00
3.629799198844462449e+00
3.473207221815534318e+00
3.609504669030933588e+00
3.667570877796054507e+00
