1.722113972321643649e+00
1.552807515045912190e+00
1.563297313595541027e+00
1.501493288698938278e+00
1.568700554689279381e+00
1.482812116922419987e+00
1.402713995555126214e+00
1.407944883143278592e+00
1.351645922151810009e+00
1.312041764450840864e+00
1.360582819471181537e+00
1.404838814453652551e+00
1.454319567783038947e+00
1.430710540492432958e+00
1.409056399202980536e+00
1.739842592812430588e+00
1.458983331550811169e+00
1.438261164403662251e+00
1.337651402325493732e+00
1.371625873929950057e+00
1.408513318632723887e+00
1.271525618110631584e+00
1.462527601103012831e+00
1.578943258657203863e+00
1.583611919799383205e+00
1.508071276448372355e+00
1.575830509009806590e+00
1.420053983286748034e+00
1.361525821628940092e+00
1.448708215338803784e+00
1.580655057098468763e+00
1.620691623673232495e+00
1.553602010358237973e+00
1.592700370946464217e+00
1.512611520352456607e+00
1.542926814100327615e+00
1.550269937733616210e+00
1.663044977895755006e+00
1.684879730882878013e+00
1.666195395390843270e+00
1.768081002871435548e+00
1.554053375230009193e+00
1.568215243043632023e+00
1.701617063751464709e+00
1.516361882098668845e+00
1.588093368317327503e+00
1.510880217917442092e+00
1.604088405504431991e+00
1.611328021997790572e+00
1.389296510047564270e+00
1.465042716022859848e+00
1.457561659820156619e+00
1.384448798697825556e+00
1.388556087423176155e+00
1.361063077493878337e+00
1.356834866696503772e+00
1.418893074146943878e+00
1.544167551913174119e+00
1.492067828999753987e+00
1.513087103286117729e+00
1.491227543744234829e+00
1.459596166892424218e+00
1.406983288324699322e+00
1.469000303562825627e+00
1.494113397523389564e+00
1.468388569346452677e+00
1.417715175609574052e+00
1.645267766303262214e+00
1.484852232674660266e+00
1.613197649699788849e+00
1.455799727332857341e+00
1.467811249189941547e+00
1.350090388458687451e+00
1.435991351163861340e+00
1.504017105318156799e+00
1.292440718617596351e+00
1.377928095117499918e+00
1.497901189763861884e+00
1.404649959053369646e+00
1.567819210533424323e+00
1.580997682812186778e+00
1.631662633526561823e+00
1.797144705389077890e+00
1.728762815893041482e+00
1.685301196733147489e+00
1.664589888440630938e+00
1.607417787271763210e+00
1.667419989129917068e+00
1.724248157383252655e+00
1.460006285169965334e+00
1.566637265347038399e+00
1.513901897819659670e+00
1.532558779430877482e+00
1.532060718868078597e+00
1.546352125215533224e+00
1.575387659906227311e+00
1.367059539384715361e+00
1.492781157078997945e+00
1.297435363733311364e+00
1.353181168939586732e+00
