3.829653753814969530e+00
3.795024039623509093e+00
3.529999458611779328e+00
3.540989458080021635e+00
3.516099563828528396e+00
3.620543381307201436e+00
3.539679196615855616e+00
3.623949655225823463e+00
3.731228028279229836e+00
3.660466266718164441e+00
3.705148672784162045e+00
3.481886815855165018e+00
3.511418450700204641e+00
3.789234920274374030e+00
3.850588916342256418e+00
3.567229618412990799e+00
3.437736615297013909e+00
3.521194534206395943e+00
3.914816157668526309e+00
3.772992203825242363e+00
3.939421711058638476e+00
3.578214768933358769e+00
3.708046512144703044e+00
3.764955077264671157e+00
3.908458994931846231e+00
3.683467088588720184e+00
3.948424989941526242e+00
3.616266718984217921e+00
3.994100102164991561e+00
3.603027280579091052e+00
3.432738461356175996e+00
3.555261938578824665e+00
3.513132984812994408e+00
3.580093797851364279e+00
3.670744175400979525e+00
3.559541865076714995e+00
3.646971030182119211e+00
3.694541564103195341e+00
3.490911613234016553e+00
3.657230256773031929e+00
3.542238875683971777e+00
3.433447652802015693e+00
3.568744964503772543e+00
3.703819765853533674e+00
3.578350471470397753e+00
3.717324898120016208e+00
3.658092553817501091e+00
3.493859815489769982e+00
3.546326532489228800e+00
3.527948991325159156e+00
3.647543000495640175e+00
3.822454986569124635e+00
3.743692493876835226e+00
3.833657889519225481e+00
3.739123614124364892e+00
3.610678701855007056e+00
3.637553833320506413e+00
3.658882115425377446e+00
3.536846295941523000e+00
3.615294622732948326e+00
3.572519206358629962e+00
3.610894646180460743e+00
3.811154799167298712e+00
3.723762147346932228e+00
3.699490197129762237e+00
3.574059157608846515e+00
3.730581852370800977e+00
3.603043033076061441e+00
3.550696392039344840e+00
3.638642928627389139e+00
3.558669063307041913e+00
3.547599453970794681e+00
3.641306692885653007e+00
3.527451413265269675e+00
3.738610419426878106e+00
3.591305930582283423e+00
3.530368575876264181e+00
3.713565945566886128e+00
3.610086990268934315e+00
3.578205675874420510e+00
3.655688484440169361e+00
3.511115206604788597e+00
3.541954823619546389e+00
3.687819412867861857e+00
3.606271032618215688e+00
3.574340577780456218e+00
3.597776787165053669e+00
3.720937273975305715e+00
3.617504538623766308e+00
3.642577015915989147e+00
3.723399131643004623e+00
3.745078830131775671e+00
3.692388445463710589e+00
3.756340598407057030e+00
3.770271617964142674e+00
3.548890892197922753e+00
3.599326240587756853e+00
3.570817835387556816e+00
3.723587738854924112e+00
3.672957535333932988e+00
