1.731377684025022567e+00
1.552091946920581833e+00
1.562858377811823907e+00
1.913390000663516943e+00
2.100422173849861185e+00
2.191031719928561827e+00
1.758747320024058203e+00
1.852948339322235460e+00
2.050572110650819457e+00
1.847415391150223352e+00
1.610353042516978750e+00
1.782288142986971469e+00
2.030391897863736084e+00
1.652957845683000304e+00
1.613518442100409400e+00
1.510582232102207989e+00
1.571559292654205686e+00
1.742018476028039276e+00
1.722566329742188707e+00
1.700721416150733134e+00
1.681183655080534134e+00
1.740141308644294504e+00
1.776112059925165632e+00
1.697395718143136945e+00
1.875705931320050146e+00
1.849069376508072349e+00
1.688149428762467430e+00
1.759788234672178708e+00
1.752546880287524589e+00
1.730732148559672057e+00
1.697419991847720189e+00
1.556348089379632427e+00
1.759203366786030953e+00
1.610657191993340120e+00
1.789205966244883372e+00
1.738006707724012445e+00
1.697779504944052720e+00
1.779476695353823468e+00
1.706675011277010823e+00
1.821293070302363093e+00
1.765929747301359320e+00
1.861252371074529233e+00
1.875120953443370375e+00
1.761056460258180412e+00
1.898658310429191198e+00
1.948771204741705843e+00
1.952104383429795087e+00
1.917885179257475592e+00
1.942754759224808225e+00
2.028973732509296912e+00
1.992429861691611848e+00
1.966517423707711210e+00
1.964324067306241428e+00
1.744297238168482478e+00
1.871515817690987182e+00
2.015384955011205292e+00
2.032542923204653462e+00
2.052459448654730512e+00
2.153528501245861371e+00
1.929884808941140895e+00
1.841049660398950349e+00
1.823594709515669710e+00
1.896166671516914093e+00
1.826221491574492317e+00
1.968948565993723365e+00
2.110963349139172607e+00
1.962293926156002621e+00
1.985310054490081910e+00
2.013305558253317251e+00
1.907050120332897114e+00
2.041985033843764619e+00
1.897462408250808252e+00
2.108851036792857681e+00
2.095691019568857172e+00
2.036417935221463082e+00
2.018459611466544068e+00
2.131272890150163413e+00
1.983250359445129396e+00
1.914795412241556916e+00
2.081196944258470793e+00
2.151162528544531050e+00
1.975979840400228893e+00
2.021753344844896105e+00
2.042786237305981079e+00
2.112962069340063032e+00
2.088301390906297961e+00
2.136220622240303513e+00
2.124462989268086854e+00
1.950536324312893921e+00
2.034204656478969753e+00
2.123369487756955998e+00
2.090316852081651522e+00
2.188610637688764182e+00
2.013524997062690058e+00
1.878792966807156350e+00
2.073601758759367364e+00
2.025750081014153992e+00
1.815731656145118889e+00
2.068313849030553264e+00
2.018026741632572563e+00
