1.423797905725710855e+00
1.513089361599454730e+00
1.469885321295248515e+00
1.481947911998633183e+00
1.586550922138757036e+00
1.631813168407155956e+00
1.570296581583360274e+00
1.673332701104428999e+00
1.556358726584970320e+00
1.783401765861063248e+00
1.929371033124364976e+00
1.818677649802173057e+00
1.926316591195482708e+00
1.708108520284548071e+00
1.594866614493350321e+00
1.839217206109545755e+00
1.713536160296481370e+00
1.800563758941268855e+00
1.745833062235986333e+00
1.762190184523988012e+00
1.742750177248887145e+00
1.666189797408738071e+00
1.658847320898945155e+00
1.643758275898991261e+00
1.769988063952572244e+00
1.698119945107774642e+00
1.671489872699509327e+00
1.606766064813069717e+00
1.838469383290137538e+00
1.830781984463429435e+00
1.884540637842176070e+00
1.848039565127189032e+00
1.893487223342858350e+00
2.219878927851035133e+00
2.098160300678162393e+00
2.084588414683851365e+00
1.823710374507816923e+00
1.948877532291538373e+00
1.911935041826480219e+00
1.986772476302214763e+00
1.978778186913988213e+00
1.950769053617475768e+00
1.839043917145400941e+00
1.975897186551706985e+00
1.792835738231834286e+00
1.793727598966874837e+00
1.813893936691177489e+00
1.856081606902739933e+00
1.870584663531001945e+00
2.096649140765076691e+00
1.713441227506759645e+00
1.677692072021513159e+00
1.618564899592940920e+00
1.679893914845294267e+00
1.587707495601264673e+00
1.574371517546820476e+00
1.675159708591722918e+00
1.776989209340286369e+00
1.614750363927329513e+00
1.659804293848593959e+00
1.897766084798008457e+00
1.790493468691289225e+00
1.825504801901991048e+00
1.812803561511298955e+00
1.719716551564966167e+00
1.575917483112222239e+00
1.410649223537230768e+00
1.461882801605383086e+00
1.586016418143852968e+00
1.592605158999615300e+00
1.789154107718220255e+00
1.792259768784674190e+00
1.921221727195604689e+00
1.767036008158757499e+00
1.831653220876592325e+00
1.716833124331504479e+00
1.782465768569530651e+00
1.597185733508196259e+00
2.036376871737033856e+00
2.020922549028386861e+00
1.857953176358571046e+00
1.893327933188122092e+00
1.853003675931775840e+00
2.105280473132932428e+00
1.982550724608381998e+00
1.876721234727141363e+00
1.779683034466524205e+00
2.018820376436016861e+00
1.851543228519808570e+00
2.009334200961102823e+00
1.720069584248130612e+00
1.576201346901344280e+00
1.675542838391303579e+00
1.723310150715330558e+00
1.633414561289797673e+00
1.683154456956597267e+00
1.794838080699513450e+00
1.760043673987094826e+00
1.733901821166356605e+00
1.937381607939344885e+00
