3.728841996097274070e+00
3.497155513530987303e+00
3.498520239721190528e+00
3.566754935782525671e+00
3.418550997574962391e+00
3.501678002331196193e+00
3.579037108044653248e+00
3.517026391606621782e+00
3.595235947743459892e+00
3.841237819711871726e+00
3.474651399745716240e+00
3.596148140100981383e+00
3.676533084376554683e+00
3.576845336508610362e+00
3.706399659394271406e+00
3.738708467439633587e+00
3.580001734036549088e+00
3.702332529421609841e+00
3.697422629656271997e+00
3.504015069532253612e+00
3.525706153520691277e+00
3.621169639030938914e+00
3.458709595241477253e+00
3.439093023731506271e+00
3.497694255058470869e+00
3.515353295646101106e+00
3.682967195638480185e+00
3.471699024025473257e+00
3.593691816749080115e+00
3.697571281454047121e+00
3.556145001026445929e+00
3.733930341570035782e+00
3.574497347643613931e+00
3.519872777955175724e+00
3.885532104378297547e+00
3.574205640455982991e+00
3.511622627011024456e+00
3.517599253319163566e+00
3.638065944392793405e+00
3.340629847395901741e+00
3.532546776766713581e+00
3.600291055724879286e+00
3.558551379801762060e+00
3.722832519131709983e+00
3.547225381100049812e+00
3.636835889344715689e+00
3.356930439568793556e+00
3.504807675533505584e+00
3.598882739010459186e+00
3.585710097464732016e+00
3.599844266676111459e+00
3.538964744230788995e+00
3.674333767111788607e+00
3.472315916137163505e+00
3.504191357937349593e+00
3.687343913858634359e+00
3.497289653970702350e+00
3.661276927756911714e+00
3.529711870496793580e+00
3.537296868784087334e+00
3.462432984696079075e+00
3.720400323666869902e+00
3.672300393771982474e+00
3.887241013659552991e+00
3.603034678533191926e+00
3.605537032351024074e+00
3.658603938760063290e+00
3.700400766211416226e+00
3.544830384315370786e+00
3.503347562246932334e+00
4.023024662831963028e+00
3.695129451672097609e+00
3.692177997526695510e+00
3.549267200100665320e+00
3.509466012006817515e+00
3.521764278224081668e+00
3.478311920291610626e+00
3.548510057652017657e+00
3.583799292264847391e+00
3.534327186156566381e+00
3.688977918590460980e+00
3.677334882901192703e+00
3.562260394393097496e+00
3.529779378353512520e+00
3.724983479360627125e+00
3.466394088068139645e+00
3.499500215751958354e+00
3.579911338301828838e+00
3.575987128200608378e+00
3.546736730686128602e+00
3.836527947656394932e+00
3.654260769834706934e+00
3.454737247974440262e+00
3.623429461725941270e+00
3.698354658781563664e+00
3.549673580297382891e+00
3.597627510510798210e+00
3.366315993350562419e+00
3.620218632955391147e+00
3.718856641020975573e+00
