5.599075040648306967e-01
9.224269414487835661e-01
8.595465061248347416e-01
9.509713284269358802e-01
9.754814781024867543e-01
4.936913743784149822e-01
7.632095486121132089e-01
6.901303688319646579e-01
7.293148167148059136e-01
8.313611823695069569e-01
1.012755475858386989e+00
8.946449777070798470e-01
7.587205885098220470e-01
7.748867979070566125e-01
7.751338014058078985e-01
8.605169088155341095e-01
8.800916285928526150e-01
5.544469704064804993e-01
1.009745188767702695e+00
7.082312563507846548e-01
5.352487130005312288e-01
7.178139289862428551e-01
5.922172481377845354e-01
7.876138361247543296e-01
1.031803195976095822e+00
8.276644175311475005e-01
7.616400896736293946e-01
6.107031126862378922e-01
9.163191757925339687e-01
8.536331684634843597e-01
7.027685410442938707e-01
4.613081575047652261e-01
9.302819949874656658e-01
1.084542099868324838e+00
9.816992306169392002e-01
1.019001946588383278e+00
7.866826253266580027e-01
7.756744940801817423e-01
1.836869995883121831e+00
8.429248548196598412e-01
1.383369905430087865e+00
9.395689752665499217e-01
1.039012197641776769e+00
1.211638389072818622e+00
1.118308007578202368e+00
2.003105205799576183e+00
9.843126637662420464e-01
9.110701084753562995e-01
1.472287820583898288e+00
1.057856181971500442e+00
1.208942614148513783e+00
9.555410862194010368e-01
4.591684636175015766e-01
8.028186321410792914e-01
8.687792459256646893e-01
8.522820981817746944e-01
8.324331543451751747e-01
6.819003161563479409e-01
8.956677504881134233e-01
5.303289639488343310e-01
9.875934152277787703e-01
9.041193668973772635e-01
1.142859208644750657e+00
1.030963805136410061e+00
7.429037117250352207e-01
8.343307827529297116e-01
8.134119337306001674e-01
1.022570509432717545e+00
1.023607050319823353e+00
6.617874812640067717e-01
3.588571809599390150e-01
6.179700050077668871e-01
6.341023424395103580e-01
6.553774108724682579e-01
5.712888845433012897e-01
7.963341695750848492e-01
6.023431669647528741e-01
7.312839756985332063e-01
7.740203832096758108e-01
9.131339305926244876e-01
8.893092936560609285e-01
7.022504828900537621e-01
7.952813855699188972e-01
6.289767498742762086e-01
7.579067442398591536e-01
7.491944436655947337e-01
7.920064082204353317e-01
6.767278195560729737e-01
7.445606713685061218e-01
8.324082069739150436e-01
8.942842408641364926e-01
7.576101840644818841e-01
7.562192618231956542e-01
8.162635989634846601e-01
5.647518139119283020e-01
6.555908549658157058e-01
1.081059325468706644e+00
7.609032003364966101e-01
8.555465803064261632e-01
1.037731918936078079e+00
