1.528603074210162838e+00
1.516227961286931381e+00
1.551096264493233567e+00
1.550332569222254930e+00
1.531748811516111974e+00
1.488321011129164262e+00
1.557556221656447804e+00
1.554979584033448159e+00
1.454003942641148850e+00
1.572243591806209650e+00
1.589139161178180659e+00
1.524059287018169062e+00
1.672107183486351234e+00
1.571996328068397730e+00
1.628123057492761872e+00
1.458242781012582201e+00
1.550061592405256095e+00
1.506805676087210166e+00
1.571661263002289033e+00
1.535481211635089549e+00
1.432837125107508713e+00
1.394250625052552817e+00
1.516389658015240505e+00
1.558687232439966097e+00
1.459330308252457131e+00
1.590734260645919607e+00
1.554442216684214895e+00
1.522475726531476781e+00
1.563458835335056252e+00
1.653903861389547369e+00
1.584470670870552711e+00
1.510206243551675875e+00
1.559254864785662109e+00
1.568165825792271262e+00
1.534889514707188818e+00
1.580565375436991049e+00
1.526229079470880601e+00
1.525618362637900294e+00
1.467031473270335784e+00
1.600421954930349111e+00
1.393053333989935583e+00
1.510863036482774424e+00
1.506541572147329422e+00
1.546206551514583971e+00
1.523826529683196540e+00
1.476158420708190144e+00
1.460903919444126897e+00
1.470670491276890424e+00
1.518505010793023580e+00
1.453538034501870024e+00
1.514644286358971526e+00
1.461746869102205748e+00
1.426922254517849487e+00
1.505586830054968850e+00
1.511334978280373775e+00
1.591791636629322770e+00
1.596498020401253770e+00
1.599122772500370271e+00
1.621724769917223918e+00
1.619604619995203665e+00
1.566916666850980411e+00
1.718815304727071114e+00
1.567546584978495083e+00
1.604763970206195101e+00
1.623870846241501464e+00
1.861115691585843779e+00
1.728140632135613863e+00
1.834862492245282084e+00
1.710025063491772634e+00
1.665819041534298828e+00
1.774673038895421273e+00
1.649783978805920315e+00
1.733497105116071912e+00
1.650692678087955167e+00
1.745291165005182332e+00
1.703687034558045488e+00
1.643032646639335903e+00
1.669543440648297628e+00
1.569222594868129983e+00
1.505648072425071593e+00
1.508054982601898741e+00
1.540040889837408944e+00
1.577595749181061269e+00
1.574922219845497739e+00
1.644211746307130184e+00
1.520393233679624867e+00
1.590890981156356077e+00
1.538941360435498673e+00
1.894458498354756992e+00
1.638950432891677300e+00
1.608377252336559815e+00
1.468769296203880748e+00
1.551170004030409277e+00
1.628464366058854917e+00
1.434795209566708252e+00
1.531138512424664366e+00
1.528285931127054464e+00
1.662183174131123486e+00
1.512797649318366355e+00
1.517298150591557260e+00
