1.490848896763148579e+00
1.565830884653907074e+00
1.553255618782389824e+00
1.782590783621095909e+00
1.751941895385632719e+00
1.775339773893106710e+00
1.774892408603353733e+00
1.859515867982567405e+00
1.730351057962363770e+00
1.971502335002187190e+00
1.846829106378602203e+00
1.891044709372546206e+00
1.576423132920177883e+00
1.755126682154704687e+00
1.835909644700501664e+00
2.090420713985921886e+00
2.118330035870058303e+00
1.978792549872124829e+00
1.821417976736809274e+00
1.688625061418967510e+00
1.776772294775245342e+00
1.689961975279953732e+00
1.635982182133504770e+00
1.629757909687416628e+00
1.785451430902443404e+00
1.867777528014480826e+00
1.740719440669929119e+00
1.722748725608659104e+00
1.789521928353347446e+00
1.597528708098939543e+00
1.882841589567294749e+00
1.651535402638890426e+00
1.760962141722112184e+00
1.897823141135882796e+00
1.609835870229060939e+00
1.781720238170838799e+00
1.661095818370572852e+00
1.547030619966722309e+00
1.703067635185961493e+00
1.660777040970174756e+00
1.576189948441544697e+00
1.582945738972321825e+00
1.837074585773704305e+00
1.892313192420690182e+00
1.955509150235747784e+00
2.129455582707178163e+00
1.903361306652858742e+00
1.803185259489898273e+00
1.891930010196150702e+00
1.655079661976570637e+00
1.519494707088798746e+00
1.544497469665439215e+00
1.863118378846094769e+00
1.833902700298199573e+00
1.720484806408503209e+00
1.529474932102096840e+00
1.652451118984855860e+00
1.616709582717263061e+00
1.667662415343623694e+00
1.561643398458446796e+00
1.695844929743253626e+00
1.657504812061366017e+00
1.685672780115973213e+00
1.684767232259593905e+00
1.784249223880814528e+00
1.784374090820092240e+00
1.703932661333426912e+00
1.642192339517876576e+00
1.814457989325930498e+00
1.924810997338579188e+00
1.895347838029446619e+00
2.040443397898951350e+00
1.905702450678975923e+00
1.921688356958692223e+00
1.771140471852826748e+00
1.871660332456914766e+00
1.806473822938224005e+00
1.796740772049095769e+00
2.104604041162875472e+00
1.908688192909555381e+00
2.147679097117726421e+00
1.907418920826089437e+00
1.934362225490057874e+00
1.953662261705556125e+00
1.899900848516079988e+00
1.811640956778946432e+00
1.937107828020842470e+00
1.725839141880824545e+00
1.692645154880119795e+00
1.776471855447842030e+00
1.674596396881281590e+00
1.733725929242420527e+00
1.896161712807670652e+00
1.710457367664530270e+00
1.647366333854995535e+00
1.704834766313896521e+00
1.721217225782667448e+00
1.730101300410980647e+00
1.764839373317219184e+00
1.648897364693678647e+00
