3.647423206329923673e+00
3.771263513801632605e+00
3.744630932829235093e+00
3.784049263388983508e+00
3.603616177084111083e+00
3.677754590966221038e+00
3.847353168833761661e+00
3.430495237727199331e+00
3.679468230410148255e+00
3.665971935557166717e+00
3.718818788747005666e+00
3.535003104074317282e+00
3.679381129482733215e+00
3.550153404984003114e+00
3.534417764935914530e+00
3.450257796225737472e+00
3.533872377298620027e+00
3.619134328922704924e+00
3.578969082574587901e+00
3.950023649959359062e+00
3.676741225694105442e+00
3.658133851309014251e+00
3.757491519746689157e+00
3.492677505373089186e+00
3.669076974358693288e+00
3.526920657623435762e+00
3.451627922670251092e+00
3.562798175916818799e+00
3.832185883150609040e+00
3.634016588701733497e+00
3.586138764847956129e+00
3.616977930493164184e+00
3.523288440967322188e+00
3.627051906319072039e+00
3.740715972869974149e+00
3.444693295232208463e+00
3.714388754253318936e+00
3.697683094140272964e+00
3.638816879054102671e+00
3.566838746479953137e+00
3.655278654431433516e+00
3.652421565439803341e+00
3.561218321674302079e+00
3.657408682394682753e+00
3.526723158501043454e+00
3.530213140483288825e+00
3.589015478187373542e+00
3.679870015721715681e+00
3.602442187338821267e+00
3.557225071079912926e+00
3.608190679330044226e+00
3.668861069906267147e+00
3.640009654182900789e+00
3.568909719756203636e+00
3.635818249661659340e+00
3.775983473672815727e+00
3.902069499532279107e+00
3.579871651316445913e+00
3.679817898118913355e+00
3.677145683180823799e+00
3.561304822596257136e+00
3.500758981284302518e+00
3.586655082971601960e+00
3.660122384730076561e+00
3.390501984669939795e+00
3.467150916432692132e+00
3.481484710151014461e+00
3.812265200520267072e+00
3.660029566804339662e+00
3.528690099114345280e+00
3.586615031525024477e+00
3.516120159088806929e+00
3.414551490595165717e+00
3.727567573789486222e+00
3.620279669904391096e+00
3.567231521828960972e+00
3.826711608528002628e+00
3.763176540032610262e+00
3.685224025002829862e+00
3.528335675225551249e+00
3.830988320983897299e+00
3.482373200788286383e+00
3.504680132155619798e+00
3.254151182728552083e+00
3.667761637896188365e+00
3.744852764030532466e+00
3.669662108278849200e+00
3.761879396841545820e+00
3.687044988018546299e+00
3.664954304382106010e+00
3.650187066536513036e+00
3.627408094469960265e+00
3.432292904692104241e+00
3.552962032123555769e+00
3.634101381799956787e+00
3.721343804596076943e+00
3.701380398824154039e+00
3.650015127843976970e+00
3.799734982386128390e+00
3.465484345869504601e+00
