1.473737863991672281e+00
1.593653129276471514e+00
1.430692558419365934e+00
1.391809460179939562e+00
1.406222362615086041e+00
1.372286911804929233e+00
1.456929998415096295e+00
1.400979318183958711e+00
1.593660941092408523e+00
1.750351857604632633e+00
1.629445476008548610e+00
1.519404267739341563e+00
1.472213909195198234e+00
1.390129345068768840e+00
1.510632817234993430e+00
1.419475325616778694e+00
1.479621940330390739e+00
1.508834488044252797e+00
1.527902412204894755e+00
1.409222424097279047e+00
1.513893608704463878e+00
1.535015981105438687e+00
1.444290343741133853e+00
1.367896805387204928e+00
1.551202996230146791e+00
1.542940272487490549e+00
1.796859931214508377e+00
1.870727196779184087e+00
2.034542157734906098e+00
1.583619287897103156e+00
1.724863255760970437e+00
1.532045629394111819e+00
1.805669050236811124e+00
1.695075509238647804e+00
1.256237720493315724e+00
1.341568478962586131e+00
1.473719894487141024e+00
1.389755389726204715e+00
1.365071945337211545e+00
1.454446398432092336e+00
1.436003427052667147e+00
1.538184918450798966e+00
1.380161559431362983e+00
1.468516079491278159e+00
1.546012297367403976e+00
1.513509271520109278e+00
1.589299978612869646e+00
1.466893524863876586e+00
1.456971746073189689e+00
1.417944014211609760e+00
1.367415066002138468e+00
1.417324750000984679e+00
1.506278170017375517e+00
1.437276180656364533e+00
1.416560174996751797e+00
1.338526917178056719e+00
1.356256406338053555e+00
1.506795045418320322e+00
1.527800211264973118e+00
1.388170332389552897e+00
1.438754418118059375e+00
1.448482639854210108e+00
1.406263665893316528e+00
1.379468259797051788e+00
1.473457760943883921e+00
1.446896294275229256e+00
1.529569361884540957e+00
1.472108015600530173e+00
1.432062697539985496e+00
1.480091663341916997e+00
1.394502393056089806e+00
1.435092997544459070e+00
1.547109798284775017e+00
1.539578043425084974e+00
1.540770398826828869e+00
1.617556860028904087e+00
1.534576696370452353e+00
1.523983211546997785e+00
1.524491906236644212e+00
1.541855033693663390e+00
1.587227157057363947e+00
1.583795606852919313e+00
1.540523423857880214e+00
1.565555469098334207e+00
1.442369748269808349e+00
1.542123977848588234e+00
1.542200289311940198e+00
1.742421356975226709e+00
1.554290658535944836e+00
1.666076222554577546e+00
1.671330523841824567e+00
1.580177104037299163e+00
1.550956309580783898e+00
1.733053523324303180e+00
1.540029767939235850e+00
1.511960185608248075e+00
1.667806556904598780e+00
1.780798516890709893e+00
1.540807113506685200e+00
1.517722195512081207e+00
