3.919675607023206165e+00
3.664013208885032125e+00
3.518347777317148761e+00
3.589505138277028440e+00
3.438629032854525924e+00
3.444400603923119419e+00
3.635598159007105146e+00
3.643450929580716036e+00
3.830813760656499145e+00
3.595775291781190042e+00
3.613395591798185258e+00
3.576866749795610367e+00
3.982440891052456244e+00
3.581543225529399077e+00
3.619517611888829478e+00
3.617506795484506821e+00
3.574689972935577220e+00
3.703005711552240786e+00
3.624372010681383482e+00
3.532733334226087152e+00
3.553840694209367879e+00
3.621198403668837162e+00
3.570064237855934852e+00
3.558825172246018909e+00
3.667233074303573481e+00
3.444716451044922856e+00
3.690464310290116234e+00
3.630030679529718807e+00
3.491072393757842285e+00
3.640877876444001071e+00
3.495113960308356305e+00
3.681336430752902178e+00
3.564855664612954111e+00
3.678332125735671365e+00
3.678829062913256287e+00
3.742327115283624384e+00
3.673952952681311945e+00
3.493106627222486882e+00
3.544309215241489230e+00
3.988567950825089969e+00
3.584493086585028188e+00
3.738016770066746375e+00
3.674079631952038127e+00
3.488853366231944531e+00
3.674435255841007830e+00
3.736252484197234658e+00
3.805136540855994731e+00
3.523114114170518896e+00
3.639229190499738475e+00
3.709019615411825121e+00
3.581455208808558055e+00
3.663419275848785350e+00
3.469489688535930760e+00
3.661557498684095524e+00
3.595954243930957972e+00
3.663037902845034388e+00
3.611127606823172354e+00
3.467295553390055574e+00
3.626726994998185738e+00
3.535406872954486079e+00
3.841555411077175908e+00
3.637294243854274356e+00
3.535796258614504417e+00
3.573698690433880998e+00
3.560934676580355340e+00
3.539679917506528550e+00
3.499508298365272552e+00
3.648680832672381413e+00
3.564217629571883705e+00
3.680609293673179128e+00
3.641496994495604600e+00
3.727074247201879409e+00
3.483191588538417260e+00
3.309837504654175699e+00
3.576827114331122104e+00
3.557744097305519659e+00
3.626658469716710798e+00
4.012650575969255229e+00
3.618379742877515959e+00
3.695125738375553581e+00
3.879930878356223634e+00
3.673422772486166554e+00
3.373589546134765360e+00
3.560750319754199644e+00
3.620973362926054762e+00
3.584499607704969115e+00
3.821859232821811947e+00
3.647972875530221426e+00
3.687496558230708654e+00
3.788098781251572511e+00
3.678344002191823670e+00
3.734266233088892939e+00
3.425548543090920273e+00
3.712508877502058269e+00
3.703504362943547790e+00
3.864157449722025017e+00
4.008489431575969597e+00
3.682193718277239736e+00
3.658332558564060477e+00
3.962544437918817053e+00
