3.612532164892523490e+00
3.442274180600615630e+00
3.515495441730903448e+00
3.579691393300824309e+00
3.618558248807989042e+00
3.536688284122739390e+00
3.641854517577733041e+00
3.608184099866800665e+00
3.524357050659616242e+00
3.635939302890398572e+00
3.582968629603195065e+00
3.792890891435503509e+00
3.635533642239555441e+00
3.567180178448329908e+00
3.516475867351310569e+00
3.663167298593130283e+00
3.427785177050501009e+00
3.678130337373438419e+00
3.400880324082887540e+00
3.575746793490722109e+00
3.484906989257336551e+00
3.815819481742514618e+00
3.553457492080206226e+00
3.814186394386185786e+00
3.687743421443391068e+00
3.743872443499923541e+00
3.724212305887788954e+00
3.656149724014836622e+00
3.568672574257353514e+00
3.926661578230251415e+00
3.504612060849520372e+00
3.577306144014457345e+00
3.577575653335354211e+00
3.524098373527248196e+00
3.690931518217546170e+00
3.641151916916443909e+00
3.593135541718663895e+00
3.659405384310153497e+00
3.578090334901685043e+00
3.698434637928475155e+00
3.615238003261874500e+00
3.676516005891457439e+00
3.770753894591919231e+00
3.723765270907699154e+00
3.665551546097607805e+00
3.669786718895928335e+00
3.539056536648127249e+00
3.655131996385039272e+00
3.469476458479900494e+00
3.948943971108970441e+00
3.590716125467503073e+00
3.510461353893538750e+00
3.568560693041653575e+00
3.624822827989180318e+00
3.561544014749047360e+00
3.464998210039038629e+00
3.622098382434543407e+00
3.551279772805572943e+00
3.633754207892085031e+00
3.409150970756295251e+00
3.788771682582232625e+00
3.652298490028226929e+00
3.539692169938987387e+00
3.649971048723529510e+00
3.518652596454840520e+00
3.619661457448038355e+00
3.677880738347730549e+00
3.546878924786039722e+00
3.500284291279942117e+00
3.487556714127694857e+00
3.467928757055885658e+00
3.478349195950280581e+00
3.534523468233778054e+00
3.590164698016594436e+00
3.636651186701270078e+00
3.700803936940984862e+00
3.784423231280622524e+00
3.622598720914745662e+00
3.847006610089186651e+00
3.771265040564279136e+00
3.574847727455621627e+00
3.757165259040710303e+00
3.671094447124227944e+00
3.695415096561562418e+00
3.745141510640829896e+00
3.552038506940712992e+00
3.671167650911379532e+00
3.537241263864612240e+00
3.659249396190038972e+00
3.714493735712349753e+00
3.581858657139933122e+00
3.583143840772505140e+00
3.716719264688371105e+00
3.773143943698215708e+00
3.556843472409211948e+00
3.526939783816204432e+00
3.637767228317325241e+00
3.537951878777613857e+00
3.569757556216633709e+00
3.611235369167630882e+00
