1.296097442632854202e+00
1.266710528870640395e+00
1.464573936026376755e+00
1.374713613699488635e+00
1.467066001706057943e+00
1.362434231224388226e+00
1.376426545888386199e+00
1.495437556364200837e+00
1.528488412396466600e+00
1.599737375158152286e+00
1.613982978399568946e+00
1.547490547127700955e+00
1.574250609736855600e+00
1.515150186800940491e+00
1.401352491100847475e+00
1.477048032472828343e+00
1.518522714710507149e+00
1.453565081741135634e+00
1.441366234639081423e+00
1.577210203754171092e+00
1.437000224779358737e+00
1.530642313617225359e+00
1.371961540986032624e+00
1.464744013732449668e+00
1.502798676093385799e+00
1.530186522787918779e+00
1.609679664343588001e+00
1.449073927754117586e+00
1.531528853719263727e+00
1.522565714110321489e+00
1.517137090065419747e+00
1.544041549036753835e+00
1.498807102599656549e+00
1.592896458136213500e+00
1.641975155687800392e+00
1.474418702424300509e+00
1.417386249873926696e+00
1.520612962041549387e+00
1.438251386442401136e+00
1.592837450947719669e+00
1.489599679647268582e+00
1.741631481633154843e+00
1.591814505590479545e+00
1.863649004234546824e+00
1.675332269696618193e+00
1.612499572134282078e+00
1.568721697594021469e+00
1.565303424177474145e+00
1.771899814423662622e+00
1.746665934323464509e+00
1.510395663563662394e+00
1.565142475554491375e+00
1.632263266942489244e+00
1.521833453287213533e+00
1.576288282274507457e+00
1.561833349267855553e+00
1.588223928560812848e+00
1.679522433545328930e+00
1.465052374114307998e+00
1.460895619605595552e+00
1.509134765687907720e+00
1.509545718405490566e+00
1.629052765537598146e+00
1.683177562565002061e+00
1.725476022496783113e+00
1.748553354529515991e+00
1.588848414845470014e+00
1.760453621570500005e+00
1.778260071836099465e+00
1.783052315566592272e+00
1.798770501695424517e+00
1.774955586234155058e+00
1.844325548823788852e+00
1.794088276825568817e+00
1.941303609573725053e+00
1.814011907794341738e+00
1.826508459146630070e+00
1.940125148438359259e+00
2.044713492309673253e+00
1.795796262075997740e+00
1.699766816473363251e+00
1.627265949398631673e+00
1.638451806463029570e+00
1.559888179619400850e+00
1.591388053863721730e+00
1.545269253630294548e+00
1.736226620349690775e+00
1.773568207994903556e+00
1.619385441357095834e+00
1.658925036925943619e+00
1.829023563651573037e+00
1.657573564086729956e+00
1.845662213068757884e+00
1.828205763522504412e+00
1.896276164068349868e+00
1.736905455888150485e+00
1.818877936888886770e+00
1.680144147468239701e+00
1.536391914965396177e+00
1.532022707890032365e+00
