3.394079024247716792e+00
3.462438564744614311e+00
3.708100900814371936e+00
3.544025882007200146e+00
3.426406406063767562e+00
3.619079885660999807e+00
3.611710165123251493e+00
3.591345041858503340e+00
3.614452361406311542e+00
3.788562188771790407e+00
3.369572166445802708e+00
3.465578198296383139e+00
3.406927734059714385e+00
3.534372260315560510e+00
3.669720743722419520e+00
3.672542119227863111e+00
3.754189878650020962e+00
3.664452170184542723e+00
3.765662873717256609e+00
3.382948174904971239e+00
3.871902744063635993e+00
3.551497096953177834e+00
3.501128176529817893e+00
3.631028125224100123e+00
3.727340984762208542e+00
3.628044041679599818e+00
3.750969088912821103e+00
3.691945341707921990e+00
3.582784156242190043e+00
3.806747174906061737e+00
3.533128829458104470e+00
3.799837714513116804e+00
3.674409173197568546e+00
3.450930874849949870e+00
3.718811991499635372e+00
3.577548958821247016e+00
3.519027697565648705e+00
3.598960018020283869e+00
3.501676899228591378e+00
3.666175061638166977e+00
3.651130981446760515e+00
3.788948547150091439e+00
3.634538696135345859e+00
3.506816688954675243e+00
3.539726218641498168e+00
3.502100362738992168e+00
3.575631250707278497e+00
3.606044856052736503e+00
3.539529690549928276e+00
3.885856977583179717e+00
3.641520351908822395e+00
3.549678884632462950e+00
3.623097508025286295e+00
3.624523071021176879e+00
3.786149067210575314e+00
3.585593414091053699e+00
3.850667080673145559e+00
3.447023124070674349e+00
3.533879114813872402e+00
3.667661824402283610e+00
3.479875860110369867e+00
3.495905398934058272e+00
3.754970073663104646e+00
3.484363432635457780e+00
3.710510791874579883e+00
3.610642640935588066e+00
3.682258636524975870e+00
3.606057171976294828e+00
3.801779199727127967e+00
3.604962060812470170e+00
3.460961802409354249e+00
3.572935201097007685e+00
3.583191402664219094e+00
3.718848924994847760e+00
3.535855565344729889e+00
3.762975338471098219e+00
3.483663548730028925e+00
3.564162149933540302e+00
3.472723658107581546e+00
3.724890113931613733e+00
3.676276786861456536e+00
3.538894530577787023e+00
3.719685630164003332e+00
3.630380057541974015e+00
3.739959218396646357e+00
3.613010593094826639e+00
3.602828948436633372e+00
3.608191813012569416e+00
3.712311147650761978e+00
3.617902376200828662e+00
3.612969628364622210e+00
3.677173443814889087e+00
3.665224172717937545e+00
3.529870823175512484e+00
3.528229981933619364e+00
3.457275327566816436e+00
3.754528308815448412e+00
3.594316889372098700e+00
3.753636547668868673e+00
3.548453424593379868e+00
