1.393478788974406912e+00
1.513950403395868394e+00
1.538737541581211010e+00
1.533414983016469835e+00
1.612887861762024810e+00
1.494211283111476440e+00
1.506521278429083566e+00
1.507324303029733414e+00
1.582853210044056214e+00
1.683964338777833136e+00
1.485028232825045702e+00
1.535431172010347511e+00
1.543239021760471896e+00
1.503999795385685401e+00
1.408767372607006907e+00
1.509790766119720296e+00
1.545048317050412567e+00
1.416485062616587687e+00
1.558063991245764335e+00
1.441814914285193927e+00
1.514820304840434950e+00
1.564852071838316983e+00
1.542470407133198496e+00
1.608161643416186504e+00
1.622461733851166210e+00
1.634694867365125814e+00
1.603459615016953776e+00
1.511728313416574876e+00
1.620858931254478996e+00
1.569298513936865147e+00
1.552546725033062458e+00
1.670916204008275008e+00
1.653991297016043083e+00
1.601793459050630863e+00
1.760349514153987993e+00
1.739782764062968834e+00
1.593149747763041635e+00
1.654080463323375882e+00
1.615828544141022727e+00
1.537757116197443930e+00
1.539809502569166710e+00
1.658396250795203919e+00
1.680854579241276348e+00
1.609420618955833104e+00
1.542136692301709022e+00
1.580621085056909791e+00
1.595871508389556714e+00
1.599030624001148260e+00
1.712379672287255072e+00
1.566809828045879538e+00
1.535620448910030245e+00
1.504435168597543004e+00
1.651388992227501573e+00
1.499892171198822899e+00
1.580982823263208159e+00
1.485224502523348811e+00
1.428717326269215881e+00
1.622058460715658512e+00
1.573010219008680100e+00
1.549492168948525928e+00
1.685094203944138558e+00
1.650782079272454350e+00
1.534157509802212660e+00
1.618064834111132333e+00
1.692081575787353298e+00
1.835583309161040955e+00
1.712278629311859701e+00
1.750746438573330677e+00
1.761601398486695169e+00
1.674379038449513635e+00
1.936238044380002243e+00
1.814571493143683600e+00
1.627150037490341594e+00
1.585052420502398585e+00
1.690404995204389804e+00
1.766125677625990598e+00
1.539944529457144107e+00
1.592108474412260888e+00
1.637790063820609987e+00
1.588728544070182602e+00
1.618102465748219476e+00
1.682421456613385713e+00
1.555696000069588525e+00
1.438372306517980981e+00
1.559979616153515991e+00
1.563644258127923736e+00
1.482611827205370991e+00
1.543499254314873781e+00
1.500342268700915138e+00
1.526377921408183402e+00
1.466435708499916002e+00
1.494321683491456998e+00
1.556031804051423606e+00
1.611657067161043511e+00
1.584943976844822577e+00
1.472376918547629421e+00
1.568510712927332351e+00
1.728936575753221794e+00
1.515842301852209584e+00
1.464509706018576107e+00
