1.649171492016138219e+00
1.513029360259412703e+00
1.560545477592277575e+00
1.520740247250557564e+00
1.529272075046118617e+00
1.801368602652203776e+00
1.590660557931421915e+00
1.634941833577097325e+00
1.854716176232471536e+00
1.738507861692750511e+00
1.709112739288618066e+00
1.670313268835296183e+00
1.665463947810535084e+00
1.776509864669761019e+00
1.681523210432806170e+00
1.630903160446832700e+00
1.708104028985941936e+00
1.537725973049045569e+00
1.729944869980455380e+00
1.600588451199066231e+00
1.685907687422792067e+00
1.417230603686239876e+00
1.596093585639885015e+00
1.545930983070575193e+00
1.634798850125425584e+00
1.715909237226382222e+00
1.597868467498522183e+00
1.649424284832721188e+00
1.627852792749346467e+00
1.638111158800563683e+00
1.496977967524028674e+00
1.821950758895550360e+00
1.830996475431513115e+00
1.870408643363361989e+00
1.792220695211207637e+00
1.881864796622582325e+00
1.755002758629282900e+00
1.712251992923889743e+00
1.652500355863733894e+00
1.754919757558089266e+00
1.674024059002144016e+00
1.690238716155986420e+00
1.647587232038453475e+00
1.620824341194482265e+00
1.723832192758726345e+00
1.659931972001647438e+00
1.673509471389302394e+00
1.666316307116637363e+00
1.640672599106714591e+00
1.722767923216103503e+00
1.695077310100397527e+00
1.743906133887844767e+00
1.867018409491938646e+00
1.864715931111992520e+00
1.751436811693314111e+00
1.903715339480150925e+00
2.012635831132298048e+00
2.045079487824429609e+00
1.853489078633348885e+00
2.033059879026038352e+00
1.966873331881952902e+00
2.151921412236588615e+00
2.013846265310796468e+00
2.011003837828611474e+00
1.906036574253813898e+00
1.839080512748074492e+00
1.810386231507673305e+00
1.786844944766394327e+00
1.883452081036201431e+00
1.891846245317230446e+00
1.819791620261472787e+00
1.951424212980286566e+00
1.805579485477413426e+00
1.727361066979008486e+00
1.788477014400015719e+00
1.725983291016497612e+00
1.692802459438772056e+00
1.666417151853093914e+00
1.645448319331250575e+00
1.832713751110748523e+00
1.720173372794856936e+00
1.823582770370015371e+00
1.820600523788093783e+00
1.699232882352771368e+00
1.835798878213219520e+00
1.709371225298972785e+00
1.774702008655848706e+00
1.712395496318458665e+00
1.743964680609056295e+00
1.736394616727912288e+00
1.739255063681063751e+00
1.663094733591559793e+00
1.634598006761847078e+00
1.724242567867685372e+00
1.741816413401084951e+00
1.841487520147389700e+00
1.740864931096298474e+00
1.909180416739658881e+00
1.954879629930245111e+00
2.135246693258771256e+00
