7.644707664010074177e-01
5.073606224022262356e-01
5.587035862869695890e-01
8.274804569749361072e-01
1.174884226372337581e+00
8.189141845699844380e-01
4.975805271376597116e-01
7.216685365947447250e-01
8.129953160608431872e-01
7.431020290391811001e-01
4.212549334472145413e-01
9.969617620149213710e-01
1.195943091567728267e+00
8.603244285793846258e-01
1.100559422944045851e+00
9.714258564964454168e-01
8.497964522743646221e-01
9.795549708083495233e-01
1.235373993665791259e+00
9.076684360235478533e-01
9.985039120134502344e-01
9.358676804563996754e-01
7.485672873154570750e-01
8.761492215699691055e-01
6.944823592028590564e-01
9.386587581512990663e-01
7.358981435948280803e-01
8.609915081960438643e-01
6.396159362478736066e-01
7.599199203075687192e-01
7.542937459346655826e-01
6.214161394749666556e-01
8.757152832944007370e-01
8.783223350288080766e-01
7.986351609380559768e-01
5.274476849808585888e-01
5.314780438915338578e-01
7.356044222630309104e-01
5.663670549442677560e-01
6.768381972798142021e-01
8.837650297300497781e-01
8.513225148812728627e-01
8.403958076079141026e-01
6.624687619228838420e-01
8.243833149473837052e-01
8.319380265306633992e-01
8.803597243745822087e-01
6.222601017300204429e-01
8.688551324019283539e-01
9.034161585445151799e-01
7.256511045687279449e-01
5.296544074934390611e-01
5.369329238262670057e-01
8.608368336462042247e-01
6.270217771761057435e-01
5.798668831215562092e-01
1.128721626968028247e+00
7.321210017260698644e-01
6.719322225643699076e-01
6.800291931698775327e-01
8.320797044068214410e-01
8.404341639393602126e-01
6.306023263480303731e-01
7.075018183956846007e-01
4.879467671966692954e-01
6.136816467519399243e-01
6.888375694715088704e-01
9.643551089740595161e-01
1.151292960910871965e+00
7.053076257016748229e-01
6.581198379516400854e-01
7.655163690661028753e-01
6.112497290071928768e-01
5.277234209854453351e-01
8.530751488167120922e-01
4.197987105374449968e-01
8.124499967271694434e-01
7.036348536788737951e-01
6.947916737231119022e-01
9.615533897472157143e-01
7.610223715854322890e-01
5.791445562176220641e-01
1.210900978529567240e+00
7.844710468250296609e-01
7.755034503778638344e-01
5.412552560386513223e-01
7.923785009085920761e-01
6.394073736700746080e-01
9.505286174792765275e-01
5.965291577979517923e-01
7.194419640801900107e-01
5.460695219796652955e-01
8.150852574363866010e-01
7.187880320913939691e-01
4.770724035131286289e-01
3.534668845875246213e-01
6.243635621240370970e-01
1.191865254647740402e+00
4.965914355169360195e-01
9.230286027375800284e-01
