9.645017871243979357e-01
1.471401659614477220e+00
1.416961740527467928e+00
7.567627910877249287e-01
7.416199804699303844e-01
1.533637850404664160e+00
9.969424453483912707e-01
1.112875421626987382e+00
1.117778170216700451e+00
1.757113904586283581e+00
1.221508272028718922e+00
1.414727246077656986e+00
9.495774145108288877e-01
9.212942190564301637e-01
1.005588747503832758e+00
5.150593858480527754e-01
8.589341950210255261e-01
7.875470245843968486e-01
8.109261566599380577e-01
1.005283744884993391e+00
1.084536584561506478e+00
7.115613802587262837e-01
1.580478528424055451e+00
9.065397683289129205e-01
6.784931628031565243e-01
9.560673637145741255e-01
8.999261794113795343e-01
1.161912015147875232e+00
1.028913773488064676e+00
1.042783219613534929e+00
6.680194427113055333e-01
1.081198627465465023e+00
9.039235966091496710e-01
1.080738635482724197e+00
1.062106829144306763e+00
1.260070301802224790e+00
6.959412919067072822e-01
8.965351131751608804e-01
5.926992728234202756e-01
1.035014222003550977e+00
7.722611175088467395e-01
1.748879708894191642e+00
1.179135121672832964e+00
1.276340975249911747e+00
9.908194403101782122e-01
9.773464217319074443e-01
1.829245343369664711e+00
1.559608625570610974e+00
1.141511108660161922e+00
8.390664964645263568e-01
1.415419220159242153e+00
1.292245948274643119e+00
1.404772559023997891e+00
1.273911735326269445e+00
9.166901731153421773e-01
1.002762367419867351e+00
9.601542603735925274e-01
1.425952952109649452e+00
9.593132772536377972e-01
1.227581404409251231e+00
1.043571482224181279e+00
1.590636730708865798e+00
1.147433493079454525e+00
9.374541052768438076e-01
1.141102050847526694e+00
1.009208386404663482e+00
9.667080103706052752e-01
1.301185713859716708e+00
1.659225612778499670e+00
7.181768063794518042e-01
1.152437742713310564e+00
8.073079898124837506e-01
1.219691386333906058e+00
1.070190862212409000e+00
9.594238467271000159e-01
8.864675681047936573e-01
9.661216543132020718e-01
8.764831768275610502e-01
7.877949579885856757e-01
1.034178528821436016e+00
8.066787643057489188e-01
7.527435620070944688e-01
8.258012112557623352e-01
8.964309737464233319e-01
1.043202308109189680e+00
1.443954547329003413e+00
1.049719423731554357e+00
6.418497569388489365e-01
1.409391915217019786e+00
1.009801399109950593e+00
1.270105001739223471e+00
8.603275622661836763e-01
1.302474428795032058e+00
7.641862613910591628e-01
1.099068697539322681e+00
1.091145317830909178e+00
6.128299109422969959e-01
9.783913393153167437e-01
1.633452385861930756e+00
7.926770427344125292e-01
