1.680787590416167321e+00
1.561196969474861529e+00
1.340597204675660681e+00
1.351981318589771774e+00
1.382495458739687599e+00
1.564045848247337167e+00
1.467280684851741235e+00
1.564469391149724942e+00
1.618531593897591270e+00
1.818484687897587326e+00
1.768931794097194254e+00
1.622008900302466250e+00
1.685673297333867948e+00
1.549650845306664415e+00
1.663558880261061912e+00
1.696869033654454295e+00
1.653828739784783730e+00
1.697657480881628711e+00
1.738261126363952913e+00
1.699105033545837529e+00
1.782806548713843586e+00
1.675328924319956281e+00
1.577893826747776007e+00
1.725403846872725078e+00
1.744843321883602805e+00
1.789988702282084843e+00
1.854272150061319513e+00
1.672868052079203638e+00
1.672498148736722090e+00
1.551283220475496494e+00
1.789878823162170285e+00
1.748652562801477295e+00
1.675642717921350222e+00
1.890314856091302564e+00
1.695630352092148962e+00
1.810958083640487715e+00
1.790579951744014631e+00
1.878347008421054953e+00
1.711974996169913776e+00
1.783324533273442869e+00
1.668047963658958466e+00
1.637566165797594842e+00
1.501174537225297811e+00
1.608726352972601248e+00
1.594425643983945928e+00
1.605449494910605956e+00
1.605496322568582768e+00
1.625488962083271094e+00
1.669804189687652762e+00
1.587835560331724905e+00
1.573914513152164574e+00
1.696046845105858569e+00
1.682368704924410485e+00
1.884800904899846863e+00
1.820963121849572097e+00
1.697316502094124990e+00
1.857481419972485170e+00
1.978859668078364109e+00
1.781406447089197265e+00
1.801615411816762879e+00
1.693013038611603127e+00
1.623245401026444101e+00
1.618866295061637706e+00
1.628327520953494423e+00
1.659831380083315100e+00
1.725274880786569653e+00
1.616366068536419398e+00
1.562886506542655152e+00
1.662682153574947197e+00
1.509378657997895834e+00
1.461745171440330449e+00
1.443619211246158995e+00
1.609865269253369036e+00
1.536698264575801387e+00
1.563311709712184472e+00
1.514394022253364502e+00
1.472505999911114305e+00
1.555501504490575115e+00
1.602444962115621374e+00
1.556583457763346834e+00
1.515237961394518607e+00
1.590664191360633195e+00
1.453118192174275958e+00
1.602055038933417164e+00
1.550752269730000243e+00
1.634402974050020330e+00
1.600221508747128762e+00
1.552173868331176765e+00
1.673909174076321005e+00
1.675320980800943715e+00
1.634920714919827267e+00
1.605101150098165119e+00
1.588830192167210997e+00
1.490212768959693790e+00
1.498600252431123936e+00
1.422218148777162572e+00
1.627906116735872377e+00
1.520734313401689075e+00
1.586030983935921457e+00
1.822113697660837195e+00
