9.557381145938695921e-01
1.322359220558458226e+00
8.170403995034369871e-01
1.002317321014888352e+00
1.348114929824944408e+00
1.403614749370899917e+00
1.148647130120955984e+00
1.078874554394327889e+00
1.268527166516588256e+00
1.140867255972459970e+00
1.204043615911701171e+00
1.115181701026280559e+00
1.378700479324782346e+00
1.162103251151447303e+00
9.221567722059854644e-01
1.170473227961488671e+00
1.575510461009583141e+00
1.375478729541320666e+00
1.094159332435693521e+00
1.064702400388941594e+00
1.434545810546652866e+00
1.216673651415828505e+00
1.101363154429283897e+00
1.058646150698804744e+00
9.539531758795943839e-01
1.159198424845758302e+00
1.081327854808713740e+00
1.258375550365694151e+00
8.713731809947579121e-01
1.155021548804749942e+00
1.128260648175394509e+00
1.041796048339951986e+00
1.012479203727572497e+00
1.289764629356799697e+00
1.083273314927865716e+00
1.211298205565499497e+00
1.545629518490092336e+00
1.537961318342233596e+00
1.019490872549171812e+00
1.451848357391248845e+00
1.469696789939783921e+00
1.070322657669017241e+00
9.422553144378063017e-01
1.535142691514952640e+00
1.171236719199690857e+00
9.294137486354551170e-01
1.249326594781774213e+00
1.383568327088807282e+00
1.044910204084969152e+00
1.195614200877425759e+00
1.102483727159178084e+00
1.601193600338341128e+00
1.090412706351679084e+00
1.118948026833188836e+00
1.146983252450464175e+00
1.116305703826110385e+00
9.936613060491088500e-01
1.269612758566443844e+00
1.060777791526762437e+00
1.089891925237488346e+00
1.025787061615990092e+00
9.227836835161808970e-01
1.244245721944949423e+00
1.294144922091107430e+00
1.430159638169910652e+00
1.088110049367507770e+00
1.103384658003130347e+00
9.563040659845682967e-01
1.059945894077781281e+00
9.867834285185159704e-01
9.230275551381529331e-01
9.431338477492074990e-01
9.447569231935493139e-01
9.926617641386793478e-01
9.252757153915819321e-01
1.074441475274294566e+00
1.134123492743439154e+00
1.135618662221411279e+00
8.687800470775852713e-01
8.295789025210472678e-01
1.193475864782923779e+00
1.144718329985133787e+00
8.868665557804300548e-01
1.068801383028920027e+00
1.019685872929622983e+00
1.070813324284532797e+00
9.160326709967259173e-01
1.049858966485466061e+00
1.209950955313614962e+00
9.901284418556753897e-01
1.276646935436866359e+00
9.320091374758692204e-01
1.123552693264398661e+00
1.012347243319602352e+00
9.429038886098926042e-01
9.786732668164311866e-01
1.321355805739311107e+00
1.025354841993068478e+00
1.016318212330749926e+00
1.393039459100589461e+00
