1.467178370169048840e+00
1.522754728655534961e+00
1.540330668609961817e+00
1.447617401727497199e+00
1.626619723838159670e+00
1.548343549045754441e+00
1.573802937535237145e+00
1.468201315378468319e+00
1.593411509260829195e+00
1.559191062970124664e+00
1.550303980014668070e+00
1.549862696859688915e+00
1.492291752813460937e+00
1.613689396206285931e+00
1.592878613578569968e+00
1.500613195602646943e+00
1.574066363528869195e+00
1.591148057788898562e+00
1.454289866197203906e+00
1.577230011825458966e+00
1.706962913230850143e+00
1.560119960251309612e+00
1.549787813292626826e+00
1.590242630826835812e+00
1.608077017367649963e+00
1.662268818863654962e+00
1.566364556154266952e+00
1.607637427121786144e+00
1.632922272720783274e+00
1.638381787234983289e+00
1.634085790092454804e+00
1.672714237253392744e+00
1.688110978687361374e+00
1.712426732128275120e+00
1.634176847890217221e+00
1.674973293231903915e+00
1.489001131400552236e+00
1.543317198354701825e+00
1.495528162356763335e+00
1.476519110657493528e+00
1.528412401952568667e+00
1.444304906135865707e+00
1.706964497415884630e+00
1.533250163164301849e+00
1.680402076133042044e+00
1.616494619681014600e+00
1.552705060457679531e+00
1.529688142812388074e+00
1.603747687431822166e+00
1.458461076769787423e+00
1.555195414111939733e+00
1.704645318832942680e+00
1.588504314156866659e+00
1.693556903654371837e+00
1.741760870233456160e+00
1.557912781192129170e+00
1.435592289637277252e+00
1.617390041225021724e+00
1.597678354253968092e+00
1.604569344604357184e+00
1.649366866622972827e+00
1.518304847427838444e+00
1.524736181975001159e+00
1.583231603804885035e+00
1.495348385513120437e+00
1.516022643071921694e+00
1.504758487685085910e+00
1.707202428134492411e+00
1.556139925036701399e+00
1.540282142804224597e+00
1.531628774197347331e+00
1.625226324658098909e+00
1.491819752669931720e+00
1.426851606609586209e+00
1.659911145252874975e+00
1.645390020799923247e+00
1.526325449115162991e+00
1.531656849446302759e+00
1.571712466514653794e+00
1.610471080388212295e+00
1.783403620263219969e+00
1.711715219118477016e+00
1.640984302967488873e+00
1.586044313891312729e+00
1.548723096321998227e+00
1.849178925516814509e+00
1.530795912066234221e+00
1.420817876525720003e+00
1.393276509364526961e+00
1.481862785743041755e+00
1.592331197268201493e+00
1.560548288235867220e+00
1.678587937014423437e+00
1.486683393990035240e+00
1.489468363226330805e+00
1.629236052654738476e+00
1.585256766931458339e+00
1.561486204776474152e+00
1.563705234567583702e+00
1.670953600484587742e+00
