3.524724231037576594e+00
3.704809641157142064e+00
3.692802231812296387e+00
3.646704077994406212e+00
3.658411331996382465e+00
3.472115411501973004e+00
3.629497115259738838e+00
3.530673823611572004e+00
3.553699097926241279e+00
3.488630484745039784e+00
3.522288138696644033e+00
3.631978034860336546e+00
3.670592506775731678e+00
3.415448835696524910e+00
3.665238351529073402e+00
3.451601848542975581e+00
3.589633379786269174e+00
3.732399036726050667e+00
3.529059524599290842e+00
3.523634557434666359e+00
3.737386509083408637e+00
3.663051274003854996e+00
3.636192697834491838e+00
3.480626050083705181e+00
3.453215307732155459e+00
3.577582966769043971e+00
3.672196969719300874e+00
3.713513553719326676e+00
3.692331228111406904e+00
3.518774787671684834e+00
3.629650573639049860e+00
3.557024336822200095e+00
3.712941001529672214e+00
3.743029825432055091e+00
3.561109017622327677e+00
3.644839262427539417e+00
3.728882776973485580e+00
3.477740175661208077e+00
3.451894306508811905e+00
3.688739426685848422e+00
3.580442581454506001e+00
3.642488656411088321e+00
3.431711108664643461e+00
3.649831511925446303e+00
3.588541076809382613e+00
3.711054150756068370e+00
3.622986218074504716e+00
3.612318358389176698e+00
3.788485354217714818e+00
3.726086300643072224e+00
3.579025744859186897e+00
3.573061009249949738e+00
3.775527280145261066e+00
3.528719450133420477e+00
3.731724541674318996e+00
3.414035147151533778e+00
3.483612248661451360e+00
3.500146873629677025e+00
3.614591422982327273e+00
3.569623468259655041e+00
3.692095899347159982e+00
3.478980467227979378e+00
3.548549661539664335e+00
3.606388938190531412e+00
3.713653584378644901e+00
3.670551862901311857e+00
3.661248182105979243e+00
3.559630064001244154e+00
3.537067198311830474e+00
3.745661353950293648e+00
3.711567273298506109e+00
3.596108656592462260e+00
3.548575458454956699e+00
3.679017251422558754e+00
3.804804524634176843e+00
3.536263992264489175e+00
3.550963479980406845e+00
3.639968943099454624e+00
3.479054487550852226e+00
3.656316850680452646e+00
3.681355537566713743e+00
3.522925702630126388e+00
3.589631363008066955e+00
3.698372646685561538e+00
3.570648864590761029e+00
3.583867519513037614e+00
3.366055667944003460e+00
3.682492675745511868e+00
3.562092539897105947e+00
3.738600033429358316e+00
3.725389813954488982e+00
3.765346731094137311e+00
3.701728526058182034e+00
3.622953685976996407e+00
3.563605542999945808e+00
3.878225967977836586e+00
3.656255953218000787e+00
3.562457811693320320e+00
3.765281527362914549e+00
3.667115847977016507e+00
