8.139666428326577385e-01
9.809956574316215372e-01
1.358282665194448846e+00
1.456555937852005211e+00
1.095560315469922275e+00
1.235346301077674402e+00
1.150496069233835517e+00
9.779480077074161892e-01
1.040381771114764264e+00
8.013152948454439484e-01
1.116566346211584682e+00
1.018288486166346152e+00
1.016982901319166688e+00
1.012549631909732462e+00
9.251023514183100982e-01
1.091031070990962304e+00
9.709556771945453413e-01
9.519066767063900647e-01
1.593720635619772619e+00
9.955807183098932533e-01
1.175614324144776734e+00
8.417057764009293619e-01
1.531082641492687246e+00
1.467207703643139016e+00
1.105617234509419733e+00
1.435390688089748013e+00
1.094550776311196350e+00
1.108048743630712263e+00
1.091270703109555873e+00
1.426603644706753160e+00
1.573896443427292846e+00
1.503329254899585576e+00
1.374214091624310852e+00
1.142089650471532769e+00
1.534878846802357533e+00
1.550126707245378599e+00
1.669277760279275880e+00
1.410013031446543330e+00
1.350898134094224767e+00
1.249759395148388075e+00
1.263651839988825909e+00
1.279159130354734053e+00
1.455778301088300086e+00
1.159966176327965837e+00
1.273432871755878493e+00
1.191107469852425105e+00
9.946882400997222318e-01
1.413675119634083543e+00
1.352088758756030407e+00
1.421796376180656019e+00
1.213607102212761246e+00
1.245359586357676518e+00
1.347209306313638999e+00
1.238595276257991040e+00
1.282542771737645859e+00
1.285441803909594283e+00
1.224109106699940330e+00
1.343777272586354821e+00
1.322834125453370202e+00
1.171094762601320172e+00
1.011946901386696185e+00
1.344928482406578141e+00
1.232715532514747192e+00
1.606243919166560952e+00
1.561253401226375903e+00
1.036342751721522237e+00
1.441462398449614435e+00
9.515315203448878600e-01
1.259926581824308611e+00
1.359353381363616720e+00
1.397060511696122331e+00
1.322119007647265532e+00
1.100585633086635928e+00
1.308916015616273798e+00
9.907236791006563958e-01
1.404932044109896472e+00
1.347031288930354842e+00
1.116275014056321568e+00
1.319205816277542187e+00
1.058535960570674561e+00
9.455186489562784624e-01
1.389193997474293063e+00
1.327448662359590470e+00
1.448858029874416031e+00
1.529553657985935455e+00
1.128052956549789876e+00
9.230863008213563425e-01
1.126691438953896451e+00
1.163937090052734158e+00
1.337367193905703022e+00
1.106466923818703485e+00
1.059528187688194789e+00
1.163575923035950366e+00
1.559050477275103708e+00
1.924389800506508097e+00
1.198165690394034311e+00
1.450640815030558084e+00
1.192571017126703214e+00
1.320073143634291180e+00
1.079370952397094241e+00
