3.612088151767878230e+00
3.515307057926937429e+00
3.646594864155824123e+00
3.639001336971174450e+00
3.534097755035877864e+00
3.574088376146118851e+00
3.531871673079724605e+00
3.797511423572364819e+00
3.859519634909458485e+00
3.703479247513124850e+00
3.610373249555443032e+00
3.789204843145744572e+00
3.564782577582629397e+00
3.552633082399259123e+00
3.591337651598773384e+00
3.427812819649076026e+00
3.659587223513152132e+00
3.706059851668542127e+00
3.728796564789317092e+00
3.497949466318230449e+00
3.563116641143659447e+00
3.579016261432899526e+00
3.652763486120398362e+00
3.627313632185231729e+00
3.775216705965373620e+00
3.775146322358233775e+00
3.513727601331493755e+00
3.489251684354021776e+00
3.592271900975282595e+00
3.519673958944751657e+00
3.505395638131767466e+00
3.566665949205688690e+00
3.629191427597969088e+00
3.593041593091064634e+00
3.733821906113013345e+00
3.338731507069146343e+00
3.629729380311955911e+00
3.839016110730218312e+00
3.446178138185263418e+00
3.741502768425445602e+00
3.523120355853094132e+00
3.580285763085528483e+00
3.653919318575147290e+00
3.511475679816010942e+00
3.608486877790118452e+00
3.580715922207260871e+00
3.619807582609127827e+00
3.533740931047733014e+00
3.442007231753282159e+00
3.254032350518747840e+00
3.580398364265617861e+00
3.602857566395992528e+00
3.499095443823735607e+00
3.407944645093735847e+00
3.603256864487857758e+00
3.573609545308177982e+00
3.716745387016601843e+00
3.648531337801390606e+00
3.684270450060746604e+00
3.576248019624067354e+00
3.592951269725238816e+00
3.786698494305162921e+00
3.612690780671617308e+00
3.564377716031028598e+00
3.677479706233131029e+00
3.746229159922457530e+00
3.820153070900493386e+00
3.576993756995058060e+00
3.873966318438588630e+00
3.550982205497314581e+00
3.837074524226139260e+00
3.495193276633231427e+00
3.878257752938632841e+00
3.787106390523033994e+00
3.706736597067770589e+00
3.811169908666325767e+00
3.636144677971646644e+00
3.566159278186910253e+00
3.755362278169295465e+00
3.687754580094933843e+00
3.698054910695018904e+00
3.533297755715565369e+00
4.058784449817642859e+00
3.776328899424522767e+00
3.553055175948937272e+00
3.744861220299086746e+00
3.595756377180542085e+00
3.620388520031954993e+00
3.835044151200901918e+00
3.530004638192949074e+00
3.642878037461239060e+00
3.756953149292577177e+00
3.650173948389110912e+00
3.548006140834322863e+00
3.649762903921218271e+00
3.774776772067291120e+00
3.666048994050265186e+00
3.702323227560223362e+00
3.739016411345818636e+00
3.641178790113903219e+00
