1.583847748051821380e+00
1.558355538935540130e+00
1.651237749424794066e+00
1.523184983618767863e+00
1.619314042257819164e+00
1.595019834047278096e+00
1.496213052919774134e+00
1.540136858252647345e+00
1.476091619575866210e+00
1.640312245416003289e+00
1.416151261184187993e+00
1.559730051131548612e+00
1.637839424736961202e+00
1.799678054886969525e+00
1.716174077766291717e+00
1.622804195383321435e+00
1.532919969302599661e+00
1.509531655260258898e+00
1.440904527896416765e+00
1.587800858935104920e+00
1.661913792637907950e+00
1.601738926155000575e+00
1.618888265125653758e+00
1.557492317276088167e+00
1.744218238876717120e+00
1.541718417876619673e+00
1.428692999220084969e+00
1.449614903647813202e+00
1.419259946086517621e+00
1.446248457507319563e+00
1.689975844749370237e+00
1.585146759261812699e+00
1.521178319131911483e+00
1.644838152975552026e+00
1.555536427002585320e+00
1.514867060809997446e+00
1.629121456099510867e+00
1.685395339008350701e+00
1.664066695506444482e+00
1.543048853624030103e+00
1.461905990866758431e+00
1.528113785060096097e+00
1.489188247898404649e+00
1.453774889789143376e+00
1.538660221056750377e+00
1.494114501635173564e+00
1.579121592449680866e+00
1.525966775003311682e+00
1.521491930094672318e+00
1.549553933536947481e+00
1.471642415436550166e+00
1.596244937280286713e+00
1.664594512174358831e+00
1.606203129547546071e+00
1.697094682839457525e+00
1.514247045255454838e+00
1.663156729652481847e+00
1.591599215425455682e+00
1.464663591708056378e+00
1.576545209470327613e+00
1.650756005232603352e+00
1.743197372791208677e+00
1.665978298402711832e+00
1.546751487435847672e+00
1.642178831770825909e+00
1.813063816965468700e+00
1.942402843346025865e+00
1.802117693886610139e+00
1.795390492625358991e+00
1.665699108746723889e+00
1.631036736337150961e+00
1.724617143414929332e+00
1.799491187443896578e+00
1.848921706932794562e+00
1.903697884263887863e+00
1.774761044898917506e+00
1.770739003581601523e+00
1.719000074346516360e+00
1.882455230913105737e+00
1.653987232269124474e+00
1.685584189989580262e+00
1.700094485480046158e+00
1.809670661691036742e+00
1.873994582618514260e+00
1.891734928082701384e+00
1.787694529481526295e+00
1.803257425386972201e+00
1.759689312980329268e+00
1.929735666883296119e+00
1.753249837877606465e+00
1.739821226449175251e+00
1.778376214614464379e+00
1.769627562844304558e+00
1.981657040181820095e+00
1.741224685060252186e+00
1.685178742928884477e+00
1.668709046639857974e+00
1.723145444067857746e+00
1.641123788007606166e+00
1.952632417901464690e+00
