3.610148242473895319e+00
3.726346162356810154e+00
3.930379982489304869e+00
3.620966682684158222e+00
3.695561889815438317e+00
3.779549394411310104e+00
3.407709568000361067e+00
3.611819740404430767e+00
3.693336470960178364e+00
3.749796151367216890e+00
3.689887690714333424e+00
3.553522426800278300e+00
3.460208572344606992e+00
3.665571876503865401e+00
3.641292997987455315e+00
3.650818120444235593e+00
3.634091618941926338e+00
3.454194640070687772e+00
3.579656764119463652e+00
3.460221191400259411e+00
3.686117309033157152e+00
3.916401688153908545e+00
3.798126987837533441e+00
3.413953075597636833e+00
3.484729933508324162e+00
3.579102392901162499e+00
3.439508345258292632e+00
3.486958428095037199e+00
3.570441416230230924e+00
3.527798836417942230e+00
3.529483046814434477e+00
3.689164403959217964e+00
3.590680099635210620e+00
3.503022409446789887e+00
3.655724454623524800e+00
3.452193952430094637e+00
3.570987642916791049e+00
3.610888210660873732e+00
3.541053224330018789e+00
3.617534279390977048e+00
3.659911450962495927e+00
3.631322619137777430e+00
3.633800685487255322e+00
3.530551176728003782e+00
3.625903627730516998e+00
3.577260442317942601e+00
3.673497773351399598e+00
3.723652740377621395e+00
3.545719037624109227e+00
3.451456745852075070e+00
3.572341067552777805e+00
3.623041760773276110e+00
3.627981940159275442e+00
3.543825609610682381e+00
3.626383010132093521e+00
3.467957796576866869e+00
3.423240937246887938e+00
3.484675841563638077e+00
3.494669481144025536e+00
3.677682211438133120e+00
3.623986319922777533e+00
3.542987838939833267e+00
3.615391745439605398e+00
3.721993037472479671e+00
3.600821074932983645e+00
3.583238750998778421e+00
3.524483157499717301e+00
3.540055049405913312e+00
3.506586014016740194e+00
3.457171291227195020e+00
3.829727820417971440e+00
3.735579663188879351e+00
3.436671381464083908e+00
3.502525811198115235e+00
3.534284519007039549e+00
3.715399681830026779e+00
3.869095903976082607e+00
3.798796597392620544e+00
3.580355931973151939e+00
3.574723402691489138e+00
3.565318347760937812e+00
3.522397240291649467e+00
3.610525654534149087e+00
3.509483762349702385e+00
3.613998502179209371e+00
3.635628503063338623e+00
3.599575422827585136e+00
3.588199750901535978e+00
3.531694817309887213e+00
3.557321187498516224e+00
3.717696707739108763e+00
3.590360917287084952e+00
3.609175719026860296e+00
3.657843140211400446e+00
3.599994018866210954e+00
3.482343326784508530e+00
3.894371235106943718e+00
3.536678975653010149e+00
3.602069750808498227e+00
3.569441720490717174e+00
