3.562630575242852871e+00
3.514607281785820270e+00
3.402387021809455625e+00
3.639503417679607278e+00
3.616761721960394915e+00
3.595611683707962136e+00
3.745311885491324322e+00
3.431588009434496822e+00
3.666352779396983230e+00
3.727310549114657423e+00
3.652063981539864113e+00
3.557332114095663744e+00
3.536219217597071918e+00
3.676467850775075874e+00
3.706564737084014016e+00
3.630017076420694710e+00
3.682575534440938991e+00
3.705440368477033619e+00
3.613333448892023458e+00
3.519725680494283360e+00
3.749102956544248855e+00
3.581869364000735523e+00
3.641118777906442006e+00
3.668954687440844076e+00
3.661593056810810598e+00
3.540360350773976705e+00
3.626133643836438214e+00
3.520721200492724634e+00
3.516084462917288267e+00
3.810850720647672052e+00
3.692368504881069047e+00
3.473243214109430266e+00
3.570520751399846926e+00
3.526852381169462980e+00
3.647030037678994585e+00
3.759938045849061883e+00
3.555929490531758663e+00
3.387094259786356698e+00
3.681654215256848772e+00
3.512189543853763585e+00
3.609467400468298504e+00
3.620704080774344913e+00
3.479218611451925458e+00
3.596629936215000267e+00
3.729289217011862778e+00
3.680414917050961687e+00
3.855611692757136222e+00
3.561219173691557938e+00
3.670969316381596848e+00
3.622119811190269267e+00
3.464465525010510749e+00
3.541094381055554852e+00
3.769532410439330850e+00
3.468966073522053328e+00
3.634104198202638969e+00
3.603751218337174933e+00
3.824355478955591359e+00
3.618075261423613576e+00
3.536471162573535665e+00
3.641067631790064318e+00
3.765766953134097150e+00
3.570304376188250028e+00
3.706438743542373349e+00
3.484995326055344567e+00
3.601991243736014869e+00
3.531665095805129440e+00
3.685112067854276585e+00
3.651348121848882133e+00
3.594155747531794454e+00
3.595990079784762816e+00
3.553931119681503326e+00
3.556740020317572082e+00
3.715079946353785800e+00
3.697635532461113428e+00
3.718466671756099906e+00
3.506452629727869752e+00
3.618341360042780508e+00
3.578763583109719981e+00
3.742835003979039676e+00
3.904351403763749229e+00
3.712503736851241687e+00
3.590235886732375370e+00
3.632433258871275772e+00
3.571888536567981998e+00
3.618599486160406720e+00
3.605391445394296124e+00
3.616089448316637700e+00
3.606776384140991887e+00
3.519349551517317654e+00
3.596404787906831935e+00
3.715124291675878876e+00
3.647690007431837689e+00
3.421010997533658227e+00
3.676079174920372505e+00
3.524996507950385993e+00
3.659068889537417935e+00
3.839133247543088157e+00
3.886735180433480874e+00
3.625564782212231663e+00
3.665311150040565291e+00
