1.627963963670396863e+00
1.709834596616565783e+00
1.373068897685442824e+00
9.549430148281143893e-01
1.205991752388727356e+00
1.388124269186415072e+00
1.317924651811633208e+00
1.473744528951169253e+00
1.387450545723723616e+00
1.418386341571829856e+00
1.401038211121031107e+00
1.429995710302401024e+00
1.811216667943479797e+00
1.158395775711012599e+00
9.703734266843705436e-01
8.559734182570519767e-01
1.147539321002747137e+00
1.326144261405590496e+00
9.960416488353766029e-01
7.878007048772714960e-01
1.451045590479145053e+00
8.445002954287960106e-01
1.075605263950643709e+00
1.049382863453377057e+00
9.617112850957953984e-01
7.899510997804012336e-01
1.094617340017779217e+00
9.595991402366151890e-01
1.170498754572707467e+00
1.084851823225925216e+00
5.719073396104212836e-01
9.491105122603560318e-01
1.232969590415654348e+00
1.268295683370962879e+00
1.038940107371130628e+00
8.591054665844101157e-01
6.866978496050603065e-01
1.022513641695532494e+00
1.223081351367582892e+00
9.400354981815427502e-01
7.747955315842482982e-01
1.041022441480470517e+00
1.171034511839043946e+00
7.320030233418965970e-01
8.753444014404487827e-01
9.005937557458143505e-01
1.017555757805712613e+00
1.185337023413501445e+00
1.136578692731074369e+00
1.369613726854935765e+00
9.841378118992645252e-01
1.032869976402189582e+00
1.403827226234369174e+00
9.177425808119783479e-01
9.880356305090395308e-01
1.582538872047738909e+00
1.163935441442172980e+00
1.408012684294420502e+00
1.313275721097053372e+00
1.323568719339262900e+00
9.698122082935911603e-01
1.199537302242828618e+00
1.608450787132734927e+00
1.662058066338188311e+00
1.111950049480279645e+00
9.374638287531829040e-01
1.435191770041834847e+00
1.491423141094541993e+00
1.404725986739405963e+00
9.601899211385263033e-01
1.257591563163775961e+00
1.426505830157374755e+00
1.030168193259664688e+00
8.360028193460113943e-01
2.145075749194197190e+00
1.004208467540958827e+00
1.077429267000042934e+00
1.194773108030047881e+00
2.223298907071901365e+00
1.575075865533689390e+00
2.135823867238757501e+00
2.288599737534124046e+00
2.236138524044706699e+00
1.690229159483894517e+00
1.891962276666714793e+00
1.248960059883855056e+00
2.037029957691159687e+00
1.790843842306085287e+00
2.118329920786933940e+00
3.469854313721855377e+00
2.628196243794982845e+00
2.488198364872913793e+00
2.575412741275747486e+00
1.111156599662322941e+00
2.455686665378636224e+00
1.338103176055193577e+00
1.057822013022639895e+00
1.325759353555306053e+00
1.471984378484051170e+00
1.109619510701890022e+00
