1.538059871511000765e+00
1.546309367183699157e+00
1.567870896760596544e+00
1.322240002148244553e+00
1.470245396912000180e+00
1.427415067545856342e+00
1.459779531980369693e+00
1.467479043305187192e+00
1.370817016672027044e+00
1.315395413349042864e+00
1.437928859589497899e+00
1.396643438651286040e+00
1.471292053470977024e+00
1.458639190762303528e+00
1.399376609615324396e+00
1.476197892003069168e+00
1.532624582156992599e+00
1.633671023937596667e+00
1.765513162069205944e+00
1.595161928131168860e+00
1.655381631220256278e+00
1.704406630600363570e+00
1.767993214781145461e+00
1.620284109561540120e+00
1.671015141649761837e+00
1.603047573459564834e+00
1.738822330813261985e+00
1.608368799607498234e+00
1.686908165269575877e+00
1.701750536501148492e+00
1.710238880341109491e+00
1.661259555305591329e+00
1.755908501550926148e+00
1.787277513082782043e+00
1.739553945184868056e+00
1.678545904498070174e+00
1.544263696725929114e+00
1.742463639187740387e+00
1.788353800980397645e+00
1.764764203873931736e+00
1.655283732934561547e+00
1.745428377301753819e+00
1.767130876100999171e+00
1.656823023569232944e+00
1.576048896297227886e+00
1.762162424081312739e+00
1.635069327188093391e+00
1.726314566447811449e+00
1.733426568493273034e+00
1.935970222200650515e+00
1.884554954100017499e+00
2.215054195551876326e+00
2.000632343730490259e+00
2.213383029052606421e+00
2.125215222965088468e+00
2.136809415940063239e+00
2.016621841853110997e+00
1.663688912022146082e+00
1.634925085210901630e+00
1.597570114251092077e+00
1.539762235093675935e+00
1.468997514344857924e+00
1.539716382525621485e+00
1.538088088506215811e+00
1.586408755477680455e+00
1.582070372413589165e+00
1.667739227017362103e+00
1.686586128526371242e+00
1.639653363810127384e+00
1.534740333458164852e+00
1.746076806569477391e+00
1.690012141617814656e+00
1.591257553137210845e+00
1.595883594322452748e+00
1.884564971497184604e+00
1.848538268093971260e+00
1.812764750639630940e+00
1.852838855797853901e+00
1.773431954152627332e+00
1.721585895070909311e+00
1.814098829689433368e+00
2.283562657522696160e+00
2.307393867603896975e+00
2.191712639752399383e+00
2.248131136253276985e+00
2.074217003029481088e+00
2.219597471801677102e+00
2.473561738735156279e+00
2.373141648424950567e+00
2.346696857741357167e+00
2.677435469190555750e+00
2.441282235973020409e+00
2.143406709760004691e+00
1.997127048452402187e+00
2.005151585060827024e+00
1.737554992386890040e+00
1.624528411969066610e+00
1.676504053975686803e+00
1.994191149146062658e+00
1.930919610215209303e+00
