1.445445521381705900e+00
1.430545061465225531e+00
1.395638327951969737e+00
1.686545952569104889e+00
1.582942750120258868e+00
1.589633033167535903e+00
1.632985476251995083e+00
1.501139309021425117e+00
1.559413454915210995e+00
1.733573542298450398e+00
1.703328993635271349e+00
1.647667114875071448e+00
1.677896555335225193e+00
1.519696952370425347e+00
1.691648733093341184e+00
1.598073856457254305e+00
1.656616896472807854e+00
1.625829245275434820e+00
1.656506496394778871e+00
1.573700261385940324e+00
1.490486698477905048e+00
1.652191643495121598e+00
1.496996429265320616e+00
1.534403726339886864e+00
1.702668644567920442e+00
1.696689472381078145e+00
1.600707957572560458e+00
1.600415686186353659e+00
1.617604662543688843e+00
1.762782486918905489e+00
1.578853727411658747e+00
1.635521164056803256e+00
1.623167035274022396e+00
1.640087032374101472e+00
1.724349299965299398e+00
1.834285116083763878e+00
1.749174821314695816e+00
1.606316334815231617e+00
1.725703289040362964e+00
1.621872018610519106e+00
1.701904351842708829e+00
1.644925553790822947e+00
1.786472403453344793e+00
1.800106884822814557e+00
1.737312453232467524e+00
1.859693592845706567e+00
1.811010569527490066e+00
1.744875230447363812e+00
1.850603811525723286e+00
1.834152833118062098e+00
1.801437441415373542e+00
1.768765827106701494e+00
1.793362367202379515e+00
1.679913242040273147e+00
1.596400902311304382e+00
1.774015288850417704e+00
1.755697321498707719e+00
1.639323573749049689e+00
1.773145597323794398e+00
1.744266763633606443e+00
1.774295590662584576e+00
1.850775961741877751e+00
1.805214676389572670e+00
1.793290202832770408e+00
1.827032154414149012e+00
1.855123799541108287e+00
1.835354472843095053e+00
1.923801947176933647e+00
1.991869367785780609e+00
1.795082928558345614e+00
1.921547696906886760e+00
1.896507880025808834e+00
1.849314127808375563e+00
1.938868071087412215e+00
1.868123701649689217e+00
1.839542923547286657e+00
1.881954897863261200e+00
1.829075924143487963e+00
1.867950405234753308e+00
1.897519355025755416e+00
1.831234135027154597e+00
1.811794712294005238e+00
1.837468078192226573e+00
1.776080576754657026e+00
1.690732457944502887e+00
1.814424148852569640e+00
1.663573310969231445e+00
1.755979689206403238e+00
1.659015253185303074e+00
1.828896459193100954e+00
1.992575343465738724e+00
1.822989913083522984e+00
1.867035351768919549e+00
1.882380149656028623e+00
1.879026253090327225e+00
2.004151530387668245e+00
1.938141788068442173e+00
1.682614046301683430e+00
1.850618864870472002e+00
1.936061404568104605e+00
