1.750736370103760153e+00
1.837147877330484125e+00
1.807356739216981589e+00
1.643318296299009829e+00
1.748928030205749939e+00
1.724803909046892292e+00
1.733789624782956507e+00
1.769348585388618389e+00
1.728222759172576728e+00
1.771045651921449027e+00
1.676631086529264847e+00
1.702228350514965571e+00
1.657358738234175677e+00
1.707531421371121683e+00
1.752434847832680109e+00
1.669040264556289843e+00
1.671706204293135878e+00
1.733045910083947927e+00
1.711981705650385654e+00
1.921812223202875813e+00
1.778244638206739614e+00
1.856374528073325481e+00
1.863085856196408319e+00
1.773110532150283358e+00
1.788464562360991383e+00
1.765871112329547632e+00
1.780981555834406427e+00
1.714862592972753008e+00
1.768184800678190616e+00
1.710032086169317234e+00
1.702149286715683330e+00
1.774338186978906995e+00
1.730147188102505451e+00
1.578232543356888451e+00
1.694162986274493798e+00
1.732770551899429190e+00
1.845564409909878245e+00
1.659256114178869757e+00
1.687406344822047766e+00
1.619071498768005934e+00
1.627462335833263829e+00
1.712606478634090434e+00
1.543504427059237294e+00
1.741454398897356315e+00
1.663167195473645554e+00
1.924156933789434420e+00
1.919990690794195487e+00
1.900051579671042434e+00
1.756008470513262587e+00
1.744530754812921858e+00
1.716485111248973183e+00
1.816065817947414285e+00
1.682322168796205997e+00
1.735694358510631696e+00
1.687164607008702299e+00
1.661830014635022890e+00
1.705722850674953328e+00
1.883189852296035083e+00
1.825739014952926453e+00
1.559698855644025439e+00
1.630903266422871978e+00
1.669623384793891718e+00
1.580505422935423399e+00
1.687603323301982927e+00
1.666563806755792854e+00
1.829703684167277800e+00
1.689900901429539859e+00
1.729747426286387890e+00
1.605137997514469728e+00
1.598361309683703713e+00
1.682735084013115223e+00
1.660559782339350976e+00
1.658014858618719112e+00
1.617794293362815550e+00
1.695938972751029450e+00
1.727630580932661974e+00
1.555565692377815834e+00
1.622620577816886289e+00
1.584347300447141560e+00
1.576357322438625141e+00
1.551549855427799551e+00
1.645192673734061195e+00
1.609386693489662568e+00
1.542796000818134727e+00
1.481317694369167048e+00
1.577510354572964735e+00
1.549136267304769055e+00
1.559113669314913908e+00
1.753034149463415403e+00
1.652917510447477811e+00
1.560159929643090138e+00
1.734308447455544355e+00
1.556723271743690740e+00
1.695693878866384452e+00
1.779324627779221180e+00
1.567362086293639711e+00
1.581834770131347767e+00
1.748844128860946867e+00
1.670748434110418845e+00
1.808947467610759086e+00
