3.576857435173359967e+00
3.605996724508645723e+00
3.627294372435965641e+00
3.523715143717554010e+00
3.542642079412207767e+00
3.680293075835340932e+00
3.583556709816936081e+00
3.545075759339253008e+00
3.765329710156538834e+00
3.543938797335965507e+00
3.783400371909927618e+00
3.607252454512279716e+00
3.766478883824543544e+00
3.601816723183189239e+00
3.615351223053218099e+00
3.492817224309870294e+00
3.630674128363136965e+00
3.642691996673498522e+00
3.564208060396734545e+00
3.518536588216873096e+00
3.682732847941718290e+00
3.656139077950540717e+00
3.672560352346450063e+00
3.516305349513562994e+00
3.579113668339412246e+00
3.523380236839908974e+00
3.575291120691096225e+00
3.707304166417522584e+00
3.497280737798533767e+00
3.447431028864781144e+00
3.563603444433660616e+00
3.704406015570075983e+00
3.498523343169698485e+00
3.547317052507229285e+00
3.535186286456888816e+00
3.517129058875709369e+00
3.502916564584197090e+00
3.534160751652517529e+00
3.549892931172522914e+00
3.583252599978695940e+00
3.571247962063137660e+00
3.622864969423349901e+00
3.527451100515945903e+00
3.652239787627921341e+00
3.702481771451977099e+00
3.600929420909026124e+00
3.673606528966005147e+00
3.613100687443710601e+00
3.664882245337474309e+00
3.559550395269123868e+00
3.724790320201900595e+00
3.600914704291891422e+00
3.552237239227288956e+00
3.783013701403334039e+00
3.617291907951126539e+00
3.604902913532131326e+00
3.498639081826748320e+00
3.682428792405919804e+00
3.607686945408878465e+00
3.542102589964278625e+00
3.739670428733433472e+00
3.573293251757559741e+00
3.743762492705460687e+00
3.627448074836441716e+00
3.683185379377674096e+00
3.618268469512742058e+00
3.407979520662962170e+00
3.496057094372733154e+00
3.649726180598981795e+00
3.705883678258640401e+00
3.781223433945627654e+00
3.376465947071447093e+00
3.402565430860930551e+00
3.681419390042323325e+00
3.687685873270792225e+00
3.674230250191759417e+00
3.621128979837184847e+00
3.773322546304915370e+00
3.561336096870435064e+00
3.705372062053113424e+00
3.553260347403924602e+00
3.640214019431403880e+00
3.853555295456088547e+00
3.753530662569373622e+00
3.947897053281160584e+00
3.695770708137251059e+00
3.577120247650428020e+00
3.570928688391930006e+00
3.498515469720993476e+00
3.741181880691205386e+00
3.612457672793001784e+00
3.600940137246035899e+00
3.646768711177055255e+00
3.496011228822045069e+00
3.720618213128037421e+00
3.671335860163822851e+00
3.738886383349690590e+00
3.354101017698731368e+00
3.628070425130608623e+00
3.507649010120326594e+00
