1.612249968549809731e+00
1.602199608564198519e+00
1.714444467626157209e+00
1.515918517565738366e+00
1.504771910822907621e+00
1.399579730691959956e+00
1.555168441203069962e+00
1.469531084454395842e+00
1.545737957783894778e+00
1.652386117841672331e+00
1.576441698540849590e+00
1.550997258671774182e+00
1.596594662285587995e+00
1.599933007293996123e+00
1.676873903075579264e+00
1.655891629772534346e+00
1.471713761079390670e+00
1.731352470658017006e+00
1.626247208484521201e+00
1.777695233514335893e+00
1.913991236880140612e+00
1.642180255106234554e+00
1.638535821777103552e+00
1.685384966735131274e+00
1.668248240146682715e+00
1.710438022114777912e+00
1.739706428089676349e+00
1.636725223100484516e+00
1.779422663555684458e+00
1.566652836353616518e+00
1.531780258854474885e+00
1.658964009001099971e+00
1.568028742897356720e+00
1.619022490760744004e+00
1.664999155743955406e+00
1.742197711459782417e+00
1.758419195297713955e+00
1.672786961195698918e+00
1.666984041183172005e+00
1.632198626677600961e+00
1.708109850188713308e+00
1.621918408004276779e+00
1.651295724514964425e+00
1.672202070095616611e+00
1.691026908261365591e+00
1.697851499562289534e+00
1.736222540907933709e+00
1.592496006197353875e+00
1.588451504140836912e+00
1.674269677404460976e+00
1.622110315358086474e+00
1.658338384835820190e+00
1.619476657994598945e+00
1.628261444510431311e+00
1.567348371615544300e+00
1.525485892919215880e+00
1.491902536419664083e+00
1.591767424260563057e+00
1.580338893739739792e+00
1.666467964496140208e+00
1.753969646926688775e+00
1.641955860558394820e+00
1.840480846192058095e+00
1.973355249067509698e+00
1.818797820120267916e+00
1.845892907308753328e+00
1.829792974842532560e+00
1.922925740838981268e+00
1.829538916003583093e+00
1.717559401086959259e+00
1.600254847135035075e+00
1.738091663403035669e+00
1.861362296248934234e+00
1.963673012093163806e+00
1.930979505151659614e+00
1.972932242342855247e+00
1.923862396033849009e+00
1.826108837517075756e+00
1.830898820042086150e+00
1.949675205088116092e+00
1.840959441383703155e+00
1.790093371671995781e+00
1.839175396765915016e+00
1.760347188449435940e+00
1.931792861062059163e+00
1.816286948732878992e+00
1.772641898925927384e+00
1.875375827989656408e+00
1.827151410395096987e+00
1.932307387297733881e+00
1.747391738112531900e+00
1.770870691533501295e+00
1.843585306232066623e+00
1.934954987000923943e+00
1.828746198268990986e+00
1.988932235557155481e+00
1.781649221633953006e+00
1.805776112546864320e+00
1.917514252331143476e+00
1.781112194529500314e+00
