3.546838426125691779e+00
3.565449191662658723e+00
3.563084737517364875e+00
3.682285045392355460e+00
3.487532389918011511e+00
3.655921704002077721e+00
3.505609200907387812e+00
3.581219710051745775e+00
3.638369109772932042e+00
3.660257272087723113e+00
3.666601366083830804e+00
3.585451847524510960e+00
3.645386359029548107e+00
3.582614802497883666e+00
3.695050154189171376e+00
3.722163774420169435e+00
3.660030096814279155e+00
3.423813306452187177e+00
3.816964920379569026e+00
3.653689941868123015e+00
3.849170380192355356e+00
3.448266459528742889e+00
3.848046362170771229e+00
3.692630218287671351e+00
3.752808614013635413e+00
3.860895006631112292e+00
3.588352196343298939e+00
3.729647253085920600e+00
3.580793140769237937e+00
3.785141982084840873e+00
3.556328009338174834e+00
3.611893273758500555e+00
3.633128522853626308e+00
3.801376972539823651e+00
3.524149920735922592e+00
3.604715286074315017e+00
3.620079597287196638e+00
3.666766304961719847e+00
3.602192513084301329e+00
3.684511235015219821e+00
3.685810833228281957e+00
3.609749339415778913e+00
3.762238005419273001e+00
3.778094958916224932e+00
3.486855485369063867e+00
3.588021844168694852e+00
3.628856004670937274e+00
3.675318741890754470e+00
3.773752847559640244e+00
3.539816345381971985e+00
3.639581013293167189e+00
3.622236694755685438e+00
3.812539142786860236e+00
3.641044947237152218e+00
3.597784789667075600e+00
3.522757826606081721e+00
3.592169306067317436e+00
3.684025032498847274e+00
3.607732822856589916e+00
3.717072039880003675e+00
3.605387039976393648e+00
3.646381197312555500e+00
3.577815370040559273e+00
3.676688154086896976e+00
3.682031180472885801e+00
3.788111360637681724e+00
3.621147380162429208e+00
3.790229066265946134e+00
3.549097374519668335e+00
3.644171877140710336e+00
3.507805561797599836e+00
3.401849752611531663e+00
3.607119855313517753e+00
3.531470082497267793e+00
3.234600188434432422e+00
3.519368420612427606e+00
3.624179596327796293e+00
3.503087847349001915e+00
3.573264376926270636e+00
3.589658373805682867e+00
3.645031928148663614e+00
3.739702203261283664e+00
3.439946468541942526e+00
3.648220775067156030e+00
3.693753619986118064e+00
3.762909743081613190e+00
3.681022923965464599e+00
3.688223381092101238e+00
3.489787776571705358e+00
3.724970612201496944e+00
3.494862542780856618e+00
3.663202276977043148e+00
3.624236191831867959e+00
3.569484404577952130e+00
3.644397526990264424e+00
3.644173969605521535e+00
3.643190714799605878e+00
3.566913593597737631e+00
3.827040367154791234e+00
3.763117642031008181e+00
