4.295031370955380012e-01
7.689518899674964159e-01
1.633761064560117715e+00
7.872120111667216813e-01
1.053747451483434627e+00
8.670824282361588864e-01
9.311981623757550341e-01
9.340644935292086171e-01
8.385336978031595612e-01
1.088058073487895516e+00
9.651845922907219544e-01
9.127162070217783585e-01
9.647955162431326448e-01
1.128093776576258644e+00
8.208767577342406252e-01
1.008890238089854119e+00
9.117191447752458489e-01
6.702764718397867805e-01
9.788770134534815481e-01
7.936680467519517945e-01
8.722619876874766476e-01
8.124376573173526239e-01
1.291187714463817304e+00
1.271482135284831783e+00
1.396135723729569511e+00
7.651355092426842530e-01
1.329793364475901463e+00
1.441110728297884780e+00
5.288355402511566439e-01
1.285880078783879998e+00
1.115200350449868871e+00
1.079457396580837614e+00
7.377537641268262503e-01
9.168985686645600985e-01
6.895838983136063360e-01
1.213515851947207347e+00
1.060946382597393267e+00
7.661567805217290861e-01
8.449567961220945111e-01
1.214577339935575262e+00
1.263968650423139994e+00
1.193453690465380079e+00
1.177451974855377781e+00
9.339459037342616732e-01
1.285056968375522191e+00
1.928530734162031246e+00
1.536843937438438834e+00
1.481706643208789531e+00
1.423426252521950097e+00
1.528981511512844005e+00
1.138889642315703776e+00
1.896302367920870147e+00
9.441032513591905984e-01
6.444972289239236929e-01
9.845348230845746285e-01
1.415699778698149114e+00
1.663219850749980022e+00
7.850654368114936554e-01
1.099560531702608701e+00
7.870797423328821374e-01
1.039077597029844036e+00
9.676616042364382109e-01
8.490019676809210658e-01
6.076360595913572471e-01
9.716346937941265915e-01
1.044580582308499039e+00
1.214640181723885215e+00
1.352822171155676489e+00
7.713728572418596663e-01
1.172047963932795867e+00
8.522013646586832358e-01
1.012470680537987056e+00
8.114372813395664963e-01
7.616633649025451591e-01
1.134216756648686264e+00
4.082287653234291103e-01
8.840899277689358016e-01
1.019629763878219020e+00
1.027197386706215854e+00
8.850492305923094438e-01
9.598981630697303036e-01
1.158437727557206864e+00
1.067014448624119760e+00
5.109240618447221660e-01
1.081131624369585431e+00
1.011500546526243438e+00
1.017579817549796539e+00
7.378171295655231443e-01
7.102354542870475962e-01
1.210541736331510743e+00
7.895091970456851183e-01
5.201101609282547944e-01
1.072331502108198942e+00
1.092959295661731778e+00
6.605902696047624145e-01
8.401551960550527332e-01
1.369985047326884198e+00
2.081819174025625774e+00
1.449682741609391590e+00
1.455121139212038228e+00
