3.608511980047980572e+00
3.716928533125863243e+00
3.561639844907099839e+00
3.553483190556218752e+00
3.422966012911566658e+00
3.761724778652665524e+00
3.517455273463208520e+00
3.484322831682468813e+00
3.646798324443924599e+00
3.584567112991272175e+00
3.635330058888429416e+00
3.606179838679636429e+00
3.530569787898108824e+00
3.502469706530381810e+00
3.650606111055407332e+00
3.514899950831870790e+00
3.447477018521028835e+00
3.747748856469477641e+00
3.646169315544672163e+00
3.524815368127231174e+00
3.598918219156498566e+00
3.930592528258333829e+00
3.601175480577607502e+00
3.685438152682871671e+00
3.550038052482678008e+00
3.764509160702598223e+00
3.563459658970999921e+00
3.630720451853405972e+00
3.543327773912841039e+00
3.662379017760053923e+00
3.576351674760257282e+00
3.473161486189968006e+00
3.446104329636466179e+00
3.650597499842457960e+00
3.488230688852692829e+00
3.752251531212787317e+00
3.576273571894228898e+00
3.604049664872188252e+00
3.668053639378326292e+00
3.497896854307876779e+00
3.565193311301636303e+00
3.520363559612166515e+00
3.773749994793897500e+00
3.658914156502310444e+00
3.527556413610019703e+00
3.467218594249778629e+00
3.544315260851016891e+00
3.862623678766482271e+00
3.559788382401539497e+00
3.658616071024749505e+00
3.520880200511279590e+00
3.645502557999196647e+00
3.575773420275020875e+00
3.652354712992945451e+00
3.465743938452361395e+00
3.421792471343781283e+00
3.552550474932789193e+00
3.569588560888584894e+00
3.501008338674699960e+00
3.557353271605692147e+00
3.462701889340934702e+00
3.477022445582040877e+00
3.585151809458033245e+00
3.714245858736051620e+00
3.526383756607842646e+00
3.324550446611643117e+00
3.572537101046359354e+00
3.626206726826156856e+00
3.593144590017067763e+00
3.610658003433119045e+00
3.542310431466386689e+00
3.705132772925161078e+00
3.587656536509340466e+00
3.745647974538784730e+00
3.676635802957762600e+00
3.802395723423207752e+00
3.550642040941388355e+00
3.678677844973422761e+00
3.512334589844961386e+00
3.765803581280862122e+00
3.713548092496511632e+00
3.705959334265562788e+00
3.556401593795576410e+00
3.667550466289696054e+00
3.501520460123060730e+00
3.720309699427648997e+00
3.624075506337132158e+00
3.585305737320659158e+00
3.784904060155750205e+00
3.594391237994475574e+00
3.641748289500589930e+00
3.598922759246623748e+00
3.461224542039846863e+00
3.750639329370870190e+00
3.625481603408379438e+00
3.356541457190144850e+00
3.514708456799290559e+00
3.679965362760176717e+00
3.626015849084787579e+00
3.749439525811969709e+00
