1.362645260090961097e+00
1.401625335019024199e+00
1.537525217705262071e+00
1.345638674895769604e+00
1.367496714007639724e+00
1.294099554582838429e+00
1.368938698688574762e+00
1.339029786010897061e+00
1.391951483436199455e+00
1.387515646839454719e+00
1.441556920661780206e+00
1.387264642797372938e+00
1.403834328258308339e+00
1.392747012129729844e+00
1.484067601368826317e+00
1.359862880997285695e+00
1.419568401382006018e+00
1.583696366568617231e+00
1.542170224550639013e+00
1.434401980897227258e+00
1.473897055418756041e+00
1.513026839127098677e+00
1.415630818307030525e+00
1.524746767288108540e+00
1.475006407219449533e+00
1.588442933784092181e+00
1.596918001895740291e+00
1.608068053875365111e+00
1.580874810123363172e+00
1.561684413662818960e+00
1.559659883865700536e+00
1.558821444882746432e+00
1.387404813715029883e+00
1.548055420381357905e+00
1.520579390363385963e+00
1.416203082398249880e+00
1.602235575055710903e+00
1.420704046963386258e+00
1.588837999635705156e+00
1.560543956134984978e+00
1.593970814237071876e+00
1.470501901430314895e+00
1.434664628225385652e+00
1.520266323124421559e+00
1.585360342935421940e+00
1.443654311171588489e+00
1.672290933090855303e+00
1.516047966972351446e+00
1.609673642866652488e+00
1.628638046893656544e+00
1.489554807881294574e+00
1.535000399705766183e+00
1.504678763940509478e+00
1.558085171061110108e+00
1.474416189071150463e+00
1.546056677995501394e+00
1.547197239411670200e+00
1.519656913023432088e+00
1.624179574538664239e+00
1.528283303266666726e+00
1.547306049433427422e+00
1.438178943494572204e+00
1.456912992522265249e+00
1.461539439106343430e+00
1.446995896338612919e+00
1.584372620218551742e+00
1.542085809543997099e+00
1.467163439664155078e+00
1.524721837160652793e+00
1.474450670539869890e+00
1.480909259140828382e+00
1.687852167155034611e+00
1.618520815393014844e+00
1.557652105055271186e+00
1.488006757821018544e+00
1.579022363318155486e+00
1.478767025179889893e+00
1.551918802109423678e+00
1.597354204807434286e+00
1.519902707272317688e+00
1.454520981602878571e+00
1.491317775229163756e+00
1.501358938375304986e+00
1.604696042534665912e+00
1.600059187415662221e+00
1.603830588453766248e+00
1.631137036467102730e+00
1.493586849279542106e+00
1.465681752302531393e+00
1.551318718655354312e+00
1.569263291787921455e+00
1.641712923220837395e+00
1.546801322976572912e+00
1.563629472306455215e+00
1.578197334381827410e+00
1.500227891712941464e+00
1.515581445681739359e+00
1.700187988425271302e+00
1.837320150162175203e+00
1.751478554009036737e+00
