1.584446551144107040e+00
1.522262033152972371e+00
1.483691548630067247e+00
1.753897323288106547e+00
1.621067325634281131e+00
1.629814487438087767e+00
1.632617183791372106e+00
1.441009054188045369e+00
1.515095559702855033e+00
1.523145241588288457e+00
1.517850552261523323e+00
1.639500678793030630e+00
1.714983228180388286e+00
1.436633846973407014e+00
1.629300252921297432e+00
1.624489674535155803e+00
1.467424318701454400e+00
1.497045690842554899e+00
1.405762020739830254e+00
1.521237360616952028e+00
1.740791826341868687e+00
1.504235948894739883e+00
1.683889973444493648e+00
1.556164711662253675e+00
1.682471306784748988e+00
1.456960689012167132e+00
1.488299210749187695e+00
1.585393205031853103e+00
1.502682954174976437e+00
1.425086166261737342e+00
1.460449482345028915e+00
1.444450654538261603e+00
1.378039783590209177e+00
1.411628582587380443e+00
1.409509554718654023e+00
1.490581454808902029e+00
1.398627049143117640e+00
1.564297777646990184e+00
1.573558480990154607e+00
1.584323060967852470e+00
1.488606365134097942e+00
1.499523114191821271e+00
1.397140415591836771e+00
1.488675542258652174e+00
1.454353701165358004e+00
1.619489114560052512e+00
1.608203816857283641e+00
1.497127664565495619e+00
1.510206800603440813e+00
1.450014331316582084e+00
1.399419930711012228e+00
1.666622496556284139e+00
1.698201613147498845e+00
1.647054657679179579e+00
1.802986922446559559e+00
1.664588283209893049e+00
1.740285080416708485e+00
1.641181582310789366e+00
1.879201232187581505e+00
1.530093079485121965e+00
1.589607900816779384e+00
1.801406636251084770e+00
1.596170318063018900e+00
1.633536498276244142e+00
1.600526601710836161e+00
1.681480252256030372e+00
1.522676705123846341e+00
1.714829200964141265e+00
1.645947386431619641e+00
1.538667243143670316e+00
1.670745501559636637e+00
1.686118645969144625e+00
1.760334941306041845e+00
1.794691749506822198e+00
1.637532421047428466e+00
1.662261222698935725e+00
1.695232313089989562e+00
1.627816463032880190e+00
1.515383644356351533e+00
1.491298480410257810e+00
1.669064141124470213e+00
1.579858038505614237e+00
1.788837092870373624e+00
1.775529928954815650e+00
1.716390522071474578e+00
1.826687681100052973e+00
1.744043210646046171e+00
1.679739640631418229e+00
1.845551342632487657e+00
1.564360198745736508e+00
1.852662682081945622e+00
1.634299446170418779e+00
1.690200139135898727e+00
1.646176725414203901e+00
1.785355237905086101e+00
1.870694829091179123e+00
1.735665246052775057e+00
1.674248761393932750e+00
1.670008345229951896e+00
1.666690343248050654e+00
