1.721413266304789635e+00
1.775815397157371800e+00
1.706617155559656762e+00
1.759128584823468566e+00
1.654618707545190803e+00
1.748435282806217295e+00
1.607808496000763476e+00
1.500763422079536058e+00
1.606051754369203000e+00
1.747440512472440366e+00
1.625351488667344579e+00
1.628217413772554911e+00
1.594624822799619146e+00
1.690655260065943244e+00
1.531718885904992611e+00
1.644043421885129641e+00
1.643930838074486367e+00
1.662524776926435743e+00
1.571895761133004443e+00
1.664199016147642762e+00
1.604423861336475632e+00
1.621257879082551812e+00
1.620892849162849148e+00
1.588111847504393825e+00
1.755842107308294153e+00
1.637306000147118024e+00
1.634726650645057289e+00
1.784457851849027721e+00
1.671711937154905403e+00
1.713813320178734001e+00
1.771052137470940702e+00
1.722654758759639249e+00
1.715758743382937990e+00
1.640980732954622434e+00
1.648684449322323831e+00
1.745004170961115930e+00
1.690477309607535394e+00
1.730162770963794783e+00
1.824367249736041696e+00
1.846105430142337411e+00
1.840605425498786030e+00
1.665817411696749240e+00
1.777069675600424947e+00
1.884860751836778370e+00
1.717207743561595557e+00
1.747096375061614637e+00
1.668194892618150460e+00
1.687335995796223287e+00
1.649498091650709375e+00
1.700016674414312590e+00
1.688165232843162444e+00
1.669673453236772742e+00
1.732371654605989519e+00
1.713824771583611684e+00
1.734672125498334827e+00
1.660471425626252051e+00
1.771820992028574127e+00
1.777965530334937982e+00
1.741149811355330312e+00
1.843302705163204491e+00
1.778462148645099106e+00
1.991953685293299747e+00
1.896646203966855238e+00
1.852500253094239602e+00
1.768717898238642672e+00
1.963656323254128422e+00
1.767688846869324149e+00
1.752283709411610158e+00
1.823116407268278394e+00
1.849381171574487670e+00
1.959458122930267665e+00
1.964118289083107705e+00
1.890703797816569276e+00
1.920450339772404424e+00
1.791570080948280630e+00
1.966331573753868911e+00
2.001244469876413579e+00
1.939645783827656178e+00
1.854019427624759686e+00
2.058249220597366147e+00
1.825698352847643813e+00
1.914002126048814478e+00
1.949176392085697929e+00
1.849078811379152532e+00
1.816549899781932265e+00
1.899948091694834806e+00
1.804578907641936070e+00
1.804308710378213387e+00
1.781990337297905791e+00
1.925003497488928295e+00
1.881485640352938749e+00
2.054396870064398861e+00
1.896564578130896850e+00
1.984886270343273473e+00
1.867140521242034445e+00
1.881131981013840271e+00
1.821396420600357002e+00
1.925606158729118222e+00
1.808534635113351108e+00
1.932816479421152867e+00
