1.128343862976513678e+00
8.318452584771315328e-01
1.137477260186604111e+00
1.868142694715703156e+00
1.139491763902606536e+00
1.607198984782389539e+00
9.893884253619705804e-01
5.488054824911384744e-01
1.124097950964934700e+00
1.146134341484496888e+00
1.339960172932318283e+00
8.549819074351248105e-01
1.153866842982902874e+00
1.255422576433488757e+00
8.500456403763596569e-01
1.312168356494089583e+00
9.287521258344485497e-01
9.006480121740395584e-01
6.867331756869079484e-01
1.053671115564272176e+00
6.502816202825388858e-01
1.031640072782205930e+00
1.127641308046623436e+00
1.384936669686131161e+00
8.701389676186016553e-01
9.988693254032643409e-01
6.577563955310181676e-01
7.928039734802597716e-01
1.352127215251474501e+00
9.837716835336925980e-01
7.449670736803986060e-01
1.490992969837053650e+00
1.340812227249903676e+00
1.200033429270346952e+00
1.255831840509809005e+00
7.838125644135127690e-01
6.244755154062539004e-01
9.525058838616256018e-01
1.271337517276429407e+00
2.077330103340634171e+00
8.427921953022973200e-01
7.582288016887824833e-01
9.565825023106193647e-01
1.292139196149910463e+00
9.684761417516110082e-01
1.392588600434301993e+00
1.386745120560328504e+00
1.573181902844655644e+00
9.709847660750028364e-01
1.497276327879437874e+00
1.338152078012847079e+00
1.039688951189700283e+00
1.251827439411610676e+00
1.066058948665223438e+00
1.438317161771369701e+00
9.984787776829064931e-01
1.330065223501873284e+00
1.438464196723412858e+00
9.017658293005362813e-01
1.558219231003419081e+00
1.211409582951148645e+00
1.330359891063587652e+00
1.447640646222354777e+00
1.294757835131135293e+00
1.403390392574662027e+00
1.759295521789113304e+00
1.235408520276840783e+00
1.697823563845401118e+00
1.251136642789287379e+00
1.374747394918484966e+00
1.482166088957292516e+00
2.659561976248422166e+00
1.813511018506134276e+00
1.244918396307019393e+00
1.525704486634577250e+00
1.938619122270309747e+00
1.936554698293325716e+00
1.631293502483644131e+00
1.184514548875324147e+00
2.027339187305784218e+00
1.266243793384654870e+00
1.394619719385780110e+00
1.365988750458850820e+00
1.515165292617280501e+00
1.512853091135857309e+00
1.593735331781468201e+00
1.070521187913233918e+00
1.265078899717868133e+00
1.390890873319177823e+00
1.271415929307206705e+00
1.309688686081902143e+00
1.524090421026175868e+00
1.341572299435862980e+00
1.780318827191194053e+00
1.589392932998054064e+00
1.261181539915591454e+00
1.440761858865471368e+00
1.424330217744794735e+00
1.219156766987852691e+00
1.316923413486883243e+00
