1.469419098959776626e+00
1.576756928529771784e+00
1.593389297367244994e+00
1.470968271891154089e+00
1.460492555306035056e+00
1.480780748478155440e+00
1.477843510013941764e+00
1.682355642485803493e+00
1.432617193146052070e+00
1.595995128492559312e+00
1.720333499636908181e+00
1.654611048115051775e+00
1.454599430174005281e+00
1.476194698207827116e+00
1.490320866105553144e+00
1.451739924008818905e+00
1.513736108892604237e+00
1.456780560472886288e+00
1.598339813477764437e+00
1.561755694649692217e+00
1.470890974098715942e+00
1.636587469420781371e+00
1.560506962648102958e+00
1.777820745560872107e+00
1.740098584175491458e+00
1.488050515771900173e+00
1.675709173106542771e+00
1.538390113753622446e+00
1.449094200249255060e+00
1.584241547700348640e+00
1.543497223868562473e+00
1.558975500013823234e+00
1.693148563111833038e+00
1.551543861479787845e+00
1.573449321889786257e+00
1.495195049644316709e+00
1.578826818014426925e+00
1.496172702456686876e+00
1.513855576276763815e+00
1.558402082461855187e+00
1.606389139490901341e+00
1.580515672048564024e+00
1.562012062457467376e+00
1.542175359168882931e+00
1.477423885234758982e+00
1.554456946891202840e+00
1.666202850347572983e+00
1.483529568296763523e+00
1.489599211802353329e+00
1.522812438997807494e+00
1.670199043578604936e+00
1.532332830607877394e+00
1.569730783812684161e+00
1.549169045431399550e+00
1.608065653730729627e+00
1.522314518614327206e+00
1.426212823424657827e+00
1.567798847184661781e+00
1.533178160734907536e+00
1.591623241074486605e+00
1.562236571249895789e+00
1.567266415794903445e+00
1.581957591778493155e+00
1.595583332218925898e+00
1.647454746008073290e+00
1.535077855696568294e+00
1.642075012138248802e+00
1.518640873406934766e+00
1.489452514419379758e+00
1.547055991218944104e+00
1.529149148611428588e+00
1.455545029627655307e+00
1.456062410438670573e+00
1.478006842546323085e+00
1.517502311700986040e+00
1.441956281355851965e+00
1.514695555297852936e+00
1.487462876821681101e+00
1.476135612661295449e+00
1.516499562118914346e+00
1.487692441368708485e+00
1.545573081444382213e+00
1.643175602332833218e+00
1.795298801926735521e+00
1.696593160224583619e+00
1.563493208043609028e+00
1.726169453176473079e+00
1.702639921365402875e+00
1.724443335818865330e+00
1.567404469205487372e+00
1.608544382442600895e+00
1.637917894994247892e+00
1.594756646517042631e+00
1.550633157013244556e+00
1.628083779060782943e+00
1.680581794041753341e+00
1.552227526827107518e+00
1.590897308658620224e+00
1.747159565098364897e+00
1.662476016101454457e+00
