1.131386928739360975e+00
6.483570229345562153e-01
1.159445285657353830e+00
1.238235920645690991e+00
8.818247495996740515e-01
1.276890478311163202e+00
1.556503331030550497e+00
9.448205517666563580e-01
1.224600843913135728e+00
9.601423340115243787e-01
9.314322243022312708e-01
7.948330087313921766e-01
1.275023884620235748e+00
1.509710839875417543e+00
7.565485776483724667e-01
8.660913807006923593e-01
9.104862153948730663e-01
1.072658795916788810e+00
7.931214734915014164e-01
7.655281264584644640e-01
1.195597491734198270e+00
1.183474513969759556e+00
1.354861019994476390e+00
1.427357237047914396e+00
1.266115590411823755e+00
1.394082632943237865e+00
1.253404890308985609e+00
1.294098667452631579e+00
9.717540554511755468e-01
1.243777655455718056e+00
9.669350119065754923e-01
1.544947790108079033e+00
1.183046727198029613e+00
1.232508431587509001e+00
8.100529768883446557e-01
1.436576071105309937e+00
1.124606970351325508e+00
1.290330335886082258e+00
1.170156952482347856e+00
1.008936504167165182e+00
9.051298276899827355e-01
1.070900194674840211e+00
1.270076311068045527e+00
1.714762464018134702e+00
1.187276921912681527e+00
1.334454187612643006e+00
1.513234105224532611e+00
1.220246360518128625e+00
1.068149650003634044e+00
1.021750261837677032e+00
1.270770692831967530e+00
1.389116190303918419e+00
1.602280157615262768e+00
1.233006138834751964e+00
1.491396617611734809e+00
1.272396145130010536e+00
1.216580501431648420e+00
1.070525185833711923e+00
1.405025836224729208e+00
1.524225808661290760e+00
1.693707073419114861e+00
1.766562049127005318e+00
9.996539938798019165e-01
1.394303071386444826e+00
1.334483352748827789e+00
1.030307724806922121e+00
1.154787628692671042e+00
1.116889389818988443e+00
1.412363656622775299e+00
7.663641438664152705e-01
1.177511054834714299e+00
1.410985537121445033e+00
1.114241150943571901e+00
1.606799768825066366e+00
1.150237599078755446e+00
1.188314944301307907e+00
1.053224110091113275e+00
1.286036850612486404e+00
1.622601618062190276e+00
8.822984336394245064e-01
7.738589402806946849e-01
1.141424581273301930e+00
1.216339277865256419e+00
1.549593029468953498e+00
1.302363482017695917e+00
1.568816584050659602e+00
1.068476488835275351e+00
1.648682343000645645e+00
1.105967836250497882e+00
1.366705056246637184e+00
1.080142571077359781e+00
9.406077643509058728e-01
1.354213042144815304e+00
1.401562064030827726e+00
1.076102865237170914e+00
1.106946937886729376e+00
1.165577510257210792e+00
1.376615456130505510e+00
1.391953381905544962e+00
1.246113503712716453e+00
