1.630696204266477434e+00
1.620164163147626235e+00
1.677830342920112239e+00
1.618962812809233709e+00
1.620738274060611106e+00
1.593650074289726604e+00
1.639967819931176241e+00
1.734981678099271729e+00
1.561105031810303245e+00
1.442481495255238055e+00
1.627481969907410120e+00
1.634542090195265862e+00
1.714464625750371507e+00
1.510518155326488365e+00
1.499055640059408612e+00
1.553920620880623549e+00
1.510254933844205505e+00
1.492636228070154170e+00
1.646270537749138674e+00
1.545009042788182407e+00
1.492046245965330753e+00
1.621130038884572189e+00
1.587091574708410668e+00
1.660817056814310133e+00
1.590906324323777099e+00
1.518848054797077740e+00
1.510447230464853519e+00
1.648525946413550214e+00
1.682965612081270157e+00
1.653571300374911957e+00
1.532687617779756373e+00
1.639794175147581745e+00
1.578670478612922867e+00
1.499174855318428978e+00
1.554929287795661308e+00
1.622411516720339453e+00
1.688039169857952215e+00
1.599595797616735426e+00
1.778014798836324850e+00
1.762147484889864391e+00
1.659710608958244960e+00
1.728799607686579254e+00
1.753811884782285890e+00
1.566343223474680579e+00
1.583091991595472203e+00
1.572893499053165334e+00
1.565814846047620446e+00
1.621477050672601283e+00
1.617574961334397488e+00
1.604542394552701756e+00
1.646442198682690261e+00
1.566747523738603931e+00
1.645145112553669353e+00
1.631776799019022617e+00
1.744902063685345173e+00
1.746453066654204411e+00
1.652508238066580759e+00
1.678856263576143704e+00
1.726997637190548440e+00
1.553453887797855870e+00
1.764264645708388590e+00
1.737762442764103188e+00
1.606713074783187034e+00
1.740138379410451464e+00
1.590521391530557160e+00
1.558679905262548404e+00
1.735543610540131398e+00
1.731036560801721080e+00
1.724706130443664165e+00
1.582913487364108418e+00
1.578942434739555756e+00
1.752332818848832074e+00
1.765362668655046763e+00
1.889082645210005795e+00
1.644196803960085385e+00
1.583854449157740207e+00
1.611509923880835027e+00
1.784572423312663192e+00
1.698407837354166006e+00
1.673812886706227632e+00
1.637502253071181579e+00
1.596742031093168368e+00
1.668488707616759825e+00
1.768069849544473326e+00
1.803822865912229068e+00
1.615976853201192220e+00
1.754234107103689544e+00
1.654910109374729599e+00
1.554237136852761436e+00
1.628574552936278286e+00
1.596582627035903812e+00
1.644203218913819153e+00
1.774205917099148211e+00
1.581936994571771171e+00
1.592624494157337978e+00
1.641045581206926007e+00
1.648406255387846908e+00
1.644923697257151707e+00
1.585372182826834120e+00
1.647633367848812203e+00
