3.632522473906176774e+00
3.698148764373751618e+00
3.623552045399276444e+00
3.559605998018495754e+00
3.662541354742647748e+00
3.616416666686879999e+00
3.538526785179965106e+00
3.647437779136902147e+00
3.523307089915421297e+00
3.527373585183907867e+00
3.596998657486749185e+00
3.596438292101095335e+00
3.601531478584681256e+00
3.591365548764365645e+00
3.641960939259114127e+00
3.598511269447657757e+00
3.630435541664125854e+00
3.592432476517483764e+00
3.440378557159124995e+00
3.685629006559003162e+00
3.457924469737173823e+00
3.521013013237577649e+00
3.486527869463241558e+00
3.599718503412695725e+00
3.583288134616605447e+00
3.485312118308157903e+00
3.690656638548202917e+00
3.613185376970662332e+00
3.469478094330672224e+00
3.589473209894273431e+00
3.763324848728158756e+00
3.908330117608297183e+00
3.547370914603638070e+00
3.513502421375758633e+00
3.507373053895042503e+00
3.482603513324432853e+00
3.671036983995355829e+00
3.572596967834235304e+00
3.529371140177348209e+00
3.716612466110962298e+00
3.522939321079166408e+00
3.662216930056210185e+00
3.602010372330838095e+00
3.489405212434268488e+00
3.627010614110954378e+00
3.582012082576538248e+00
3.560909715082890337e+00
3.648429435794557474e+00
3.634386688107223762e+00
3.738535669068511869e+00
3.859409309518520459e+00
3.516044354786683979e+00
3.608178573875248762e+00
3.745450271331749459e+00
3.509894057379609578e+00
3.553346764476027708e+00
3.654582108221374970e+00
3.531362612681328894e+00
3.439506338380214689e+00
3.538590705798829728e+00
3.697706979812787953e+00
3.584203808892879817e+00
3.722046714751866325e+00
3.531521869408649206e+00
3.563818052062482256e+00
3.547119145773586002e+00
3.637303505977352192e+00
3.637199887667516673e+00
3.665898939520896516e+00
3.661924935466661424e+00
3.550952197786739983e+00
3.537037203558559995e+00
3.603758348715192739e+00
3.738993136666043160e+00
3.452992867208991790e+00
3.594299308505384705e+00
3.622662673411137124e+00
3.622521710792127703e+00
3.532836521391829798e+00
3.676730266593084107e+00
3.549986688511301391e+00
3.704784265591889447e+00
3.585845742048827223e+00
3.532537911451794965e+00
3.471521148353347463e+00
3.531437032405047471e+00
3.523337977639660945e+00
3.618140704031945543e+00
3.557150541287528167e+00
3.621839188903349882e+00
3.546688331870528010e+00
3.591724025615906424e+00
3.569358940287262527e+00
3.469058922470753981e+00
3.613930328076201626e+00
3.468277255207536047e+00
3.562668792683079122e+00
3.557848391210478134e+00
3.574727528232041873e+00
3.408518264148681531e+00
