5.206781813991731012e-01
1.136332114703987539e+00
1.341178542497426740e+00
6.395947994195203545e-01
5.115914931648297692e-01
7.605204493716972713e-01
4.853515005517144432e-01
9.961691545535117376e-01
6.635291179646444215e-01
6.006153011693073918e-01
4.922292675731640976e-01
6.281636892159389030e-01
9.262686332849595638e-01
5.330690373281825600e-01
8.128202468880223464e-01
8.691446837205214493e-01
6.154435282930580398e-01
5.696435211693889888e-01
7.192742465163685095e-01
7.483470119736227444e-01
7.647253842843710903e-01
6.815865261863905955e-01
6.541832882959384143e-01
8.795654545686372172e-01
8.337553540930841001e-01
1.072912010198581179e+00
8.307342667613974996e-01
1.072935570567279395e+00
8.632538382152438183e-01
5.723593923548193629e-01
6.824486535777898322e-01
4.360310310808354073e-01
6.452330011899146678e-01
6.055386024591705718e-01
1.315033597471281457e+00
8.744406405672121574e-01
1.104241207527064450e+00
1.098824458661526560e+00
1.259205830881714006e+00
8.323577309932429502e-01
6.082902992023502264e-01
8.361214339156487485e-01
7.955691453057894824e-01
9.255100823613032768e-01
9.624282748002459531e-01
1.398745187654075739e+00
7.726796067516790156e-01
7.355069103060186686e-01
1.580090648536444764e+00
9.032673032933183910e-01
1.660648130763893171e+00
7.510656601204784844e-01
8.824702530975814252e-01
8.003269458815681636e-01
7.960755238535582867e-01
1.034581989956915749e+00
9.010662726823552848e-01
1.093743518640695855e+00
1.122303630846314348e+00
6.669440875038044059e-01
9.668748320787953210e-01
7.342303648274943750e-01
8.612430772430286208e-01
1.012087439898616159e+00
9.963236162290367570e-01
1.010398738582606093e+00
1.353079925368052772e+00
1.099684638687042249e+00
8.751462745871053661e-01
9.774361374896403110e-01
1.284215479782387703e+00
1.490904249904248191e+00
9.716992317073712693e-01
1.685917063617624168e+00
1.189862263905188122e+00
1.617685941749809286e+00
1.107974857237385091e+00
1.073495276302708579e+00
1.567855467070490061e+00
1.068831030382966896e+00
1.012609502512444193e+00
7.870374102730078869e-01
9.648407535771140742e-01
1.163807462931815140e+00
1.373434563556356736e+00
1.562913461303898854e+00
1.035304249763141282e+00
9.832728937321683071e-01
9.594867489693973406e-01
1.227306136288708993e+00
7.869486016018063523e-01
7.740009675586987381e-01
6.207937316044755960e-01
1.275703198132571492e+00
8.449876309542120323e-01
8.310767584799610974e-01
1.271036852267888984e+00
9.302505989859678470e-01
1.166973925132881451e+00
7.432206468261618459e-01
