3.674012697587353049e+00
3.626793982583647491e+00
3.450483554200905356e+00
3.619172919319101123e+00
3.770332135448058342e+00
3.734249868120874893e+00
3.593711558623520652e+00
3.627595137432035877e+00
3.730664983202161888e+00
3.627646028427768510e+00
3.653986231109013882e+00
3.650739586071501730e+00
3.434440284051478720e+00
3.403619382069842825e+00
3.557868486083279436e+00
3.473801350801800414e+00
3.648421930024735360e+00
3.553591465354058787e+00
3.644681986009291830e+00
3.656165269296301812e+00
3.492718950957524715e+00
3.746612148799363329e+00
3.660235868330330433e+00
3.577043847503086127e+00
3.578926466530224726e+00
3.696917128686301179e+00
3.483900486617268477e+00
3.574416488305810269e+00
3.580119302704081186e+00
3.564388338602599404e+00
3.565254768512108985e+00
3.404363904985070466e+00
3.585883281772440423e+00
3.511494961082764821e+00
3.594770695724526011e+00
3.568876845934051634e+00
3.667945978047968403e+00
3.688608120548200642e+00
3.485618896001774658e+00
3.683298784772010670e+00
3.685884095422172990e+00
3.618695903690318350e+00
3.547701664764078888e+00
3.771984867261173324e+00
3.634795929314046603e+00
3.605274245152418011e+00
3.761055224557987575e+00
3.533747466858409236e+00
3.651327006545845855e+00
3.585820725171764423e+00
3.781678446607338984e+00
3.482026610882733575e+00
3.593414526511996332e+00
3.423444792016951954e+00
3.715194561075690682e+00
3.493224908710680587e+00
3.592887201397063635e+00
3.644450152201598847e+00
3.665048588311007993e+00
3.604337021820993137e+00
3.520314617679450198e+00
3.653933792958035998e+00
3.626552034222767062e+00
3.498540271313696159e+00
3.567221378475895044e+00
3.513846971497668115e+00
3.683566660034260476e+00
3.512674460378889751e+00
3.630117884433728737e+00
3.653876349033290616e+00
3.548555369734589071e+00
3.646564878462276837e+00
3.595725968622544233e+00
3.568040915245843880e+00
3.553136110231611244e+00
3.536731702364199315e+00
3.983232278385011149e+00
3.618854571988148194e+00
3.525772769062137435e+00
3.683547923900261978e+00
3.620911558813135311e+00
3.318985547750069376e+00
3.603671336120161328e+00
3.642974400595591966e+00
3.738428494984172179e+00
3.550342617516967003e+00
3.672144619252555309e+00
3.420007658186366761e+00
3.641042484939575274e+00
3.717412187855133165e+00
3.715121019915999412e+00
3.758079974212920948e+00
3.601996440412295275e+00
3.797171098904093434e+00
3.469719120722946748e+00
3.551981462499517406e+00
3.855470570608766412e+00
3.617023111458721907e+00
3.550655116697382763e+00
3.621290839812961959e+00
