3.577355387145676247e+00
3.506139628267245900e+00
3.436365056937437323e+00
3.399798311276040153e+00
3.541548902084620920e+00
3.514744636528022159e+00
3.899616540311781065e+00
3.619676456749621352e+00
3.641552893828471138e+00
3.412680030608276294e+00
3.466182080565935575e+00
3.585524720518423969e+00
3.427239577536496107e+00
3.573121401336362357e+00
3.543339596832176586e+00
3.561029387904284249e+00
3.566254498070811518e+00
3.751974430472978295e+00
3.511417431924739763e+00
3.479892383629067165e+00
3.735653682128657227e+00
3.699583896988932974e+00
3.578484709728043889e+00
3.649821419879307971e+00
3.863627538938025019e+00
3.674597410199134107e+00
3.534880334488102349e+00
3.632466396494149929e+00
3.796419768801433392e+00
3.512105509977990536e+00
3.532609033592583714e+00
3.590911675772172185e+00
3.677187678198011067e+00
3.884504324397840325e+00
3.466365977811546539e+00
3.665920515227902410e+00
3.644372103122887729e+00
3.569109957908735531e+00
3.608638680699037149e+00
3.638079027805892984e+00
3.526965307091013635e+00
3.543546083002578229e+00
3.530533800163038194e+00
3.508840182361003812e+00
3.640931569434859849e+00
3.558135767748953793e+00
3.543308962720423505e+00
3.625153610121002679e+00
3.535788692646303577e+00
3.636662276097757829e+00
3.533770555044282613e+00
3.552114336820992424e+00
3.622688450022070406e+00
3.695527760736735168e+00
3.609801866131377324e+00
3.705026661100821350e+00
3.761607266064879607e+00
3.459077112821038913e+00
3.475276551603107666e+00
3.700489055446529285e+00
3.521801672240517433e+00
3.801827444912493803e+00
3.562424732057510202e+00
3.521893163657241921e+00
3.591221164280818279e+00
3.653132735828706235e+00
3.639241374675600493e+00
3.535495107755901145e+00
3.499552143036645635e+00
3.811625031982906364e+00
3.688809749247376590e+00
3.797358348487257729e+00
3.594886005594746692e+00
3.494715121429254001e+00
3.620668579111084195e+00
3.684988460513742403e+00
3.909049393139434780e+00
3.615839247281498192e+00
3.522923460630445813e+00
3.577364483581161103e+00
3.623172245837120720e+00
3.596938824833546544e+00
3.498087351696431480e+00
3.697833485901958817e+00
3.735389260849026893e+00
3.670785001371282608e+00
3.551667894754539923e+00
3.573807975815924465e+00
3.679660188996630055e+00
3.776038683938214735e+00
3.666967885839905517e+00
3.664261879174055103e+00
3.721999384365963781e+00
3.626860690308861379e+00
3.575491329998710111e+00
3.716834527618656292e+00
3.562540733218647393e+00
3.466734582371679974e+00
3.631534660908180445e+00
3.611165988128010262e+00
