1.515447245555241462e+00
1.705677361660168811e+00
1.517254602555483833e+00
1.554292300718575603e+00
1.536073547897450764e+00
1.527270794749788552e+00
1.633539742592375665e+00
1.603250728868632180e+00
1.647255565964776514e+00
1.530916612682335032e+00
1.602064019846324072e+00
1.581000794044748137e+00
1.577123880974165449e+00
1.459083551684374536e+00
1.592061954306422056e+00
1.746632608167488110e+00
1.541009580058232409e+00
1.776797492137227596e+00
1.651976524024064918e+00
1.481179963037106528e+00
1.479255804960522891e+00
1.522511540487097026e+00
1.488853361107943085e+00
1.456085861653857449e+00
1.514298488195583658e+00
1.633028898019039499e+00
1.460075797348538096e+00
1.532124274139832432e+00
1.475720461667064498e+00
1.681811374268352699e+00
1.497880415590656211e+00
1.583695864168455758e+00
1.869819827340598373e+00
1.595367124182502261e+00
1.524313409334516090e+00
1.539707937471342936e+00
1.577296089742115548e+00
1.487842513209488349e+00
1.625481722628826731e+00
1.845553570765394946e+00
1.669261362646841773e+00
1.553084316146126964e+00
1.688391753482408664e+00
1.633836682535601659e+00
1.767262441728741251e+00
1.523483059388410998e+00
1.602479140160325999e+00
1.590392237640259498e+00
1.808426988854887618e+00
1.534591579013561802e+00
1.535110456464695350e+00
1.597657854069560068e+00
1.621672466997672091e+00
1.683438674567523385e+00
1.688367167166360261e+00
1.740995698606342401e+00
1.666314750058834004e+00
1.713699361551947797e+00
1.713295711354510198e+00
1.746755401097210614e+00
1.617030645224367458e+00
1.655731714658970288e+00
1.684193992602772028e+00
1.640429463917518094e+00
1.726244513050384510e+00
1.646095565974817987e+00
1.680952955173391494e+00
1.790291097658984976e+00
1.747241266657908021e+00
1.739016369524708727e+00
1.814332251420506692e+00
1.619787509239378309e+00
1.823220024439280218e+00
1.768592766348286771e+00
1.749386857161911779e+00
1.711481131441142223e+00
1.714635055912214989e+00
1.783031508929976416e+00
1.844684297736469913e+00
1.751095570442663618e+00
1.660465691487987838e+00
1.757614883808874762e+00
1.865579718310519386e+00
1.779765072477132781e+00
1.657820180658117426e+00
1.700453164947830276e+00
1.766373824489277489e+00
1.703956489699717025e+00
1.654452906197644069e+00
1.773958244280878338e+00
1.719193137697942797e+00
2.039226110475856668e+00
1.749212074455031019e+00
1.739510923419179234e+00
1.840087986363977635e+00
1.726687192625590672e+00
1.754598927345934367e+00
1.781018312236510193e+00
1.563471289399873232e+00
1.834181146091870440e+00
