3.795100466329925037e+00
3.533723123120135146e+00
3.452731683010549446e+00
3.437309073983262575e+00
3.592613042593913342e+00
3.741623270846127003e+00
3.627121402985429288e+00
3.655759516464884396e+00
3.618361508599392096e+00
3.519080871924759712e+00
3.541427974164350179e+00
3.716773759887953776e+00
3.596344536382260593e+00
3.684929648696182891e+00
3.548618837387337077e+00
3.719047899832514936e+00
3.751822289882124739e+00
3.708124533061710526e+00
3.747387732462179155e+00
3.724474597790111030e+00
3.592218868536795284e+00
3.661116983428085447e+00
3.548762699750791061e+00
3.575112710992826237e+00
3.644647780344327792e+00
3.839264185682270458e+00
3.537904457653605395e+00
3.751865339130284305e+00
3.517208094489888914e+00
3.701918540618758691e+00
3.640704555781355101e+00
3.712649691740526947e+00
3.587974326430173111e+00
3.789851145253589237e+00
3.741430907991067034e+00
3.876757673536026072e+00
3.794884442025737936e+00
3.791960069872009509e+00
3.635028097624000143e+00
3.865624388702039838e+00
3.636803517715224476e+00
3.732416997210184384e+00
3.691178658002388424e+00
3.756672729690429868e+00
3.753101392510678203e+00
3.594180034630898302e+00
3.606759728853354829e+00
3.740632634348527663e+00
3.571022183796581650e+00
3.627707548431953644e+00
3.809208981985488851e+00
3.621442846822261696e+00
3.669567765235842050e+00
3.647353895522446265e+00
3.849774805463840988e+00
3.833022380497168591e+00
3.701313755096909297e+00
3.670478353214450262e+00
3.666861388685649370e+00
3.502154657971813467e+00
3.797785322296055810e+00
3.567344913439241427e+00
3.729701119819085253e+00
3.649434222835177710e+00
3.954985370497610564e+00
3.462743386051494010e+00
3.562835545742823129e+00
3.493329468101005197e+00
3.736196513308983391e+00
3.455150224957098892e+00
3.639274438610939022e+00
3.551332218497360138e+00
3.749865294100481083e+00
3.433167063068109481e+00
3.834459818254807750e+00
3.717214931233893349e+00
3.523565250260431103e+00
3.673664196171731788e+00
3.604582224236356769e+00
3.730996458896482348e+00
3.560047712669311970e+00
3.612272238524812273e+00
3.745479574750381513e+00
3.683772139755707720e+00
3.851141425658226591e+00
3.539490232285113613e+00
3.800992234525294666e+00
3.819959906381027004e+00
3.727212316398911263e+00
3.562279948512676153e+00
3.821289538833031685e+00
3.793705945817009262e+00
3.577457070146614626e+00
3.753193631920503481e+00
3.564076910065581139e+00
3.587623145248637790e+00
3.460732902628605778e+00
3.572973646443773355e+00
3.639175518318210401e+00
3.739515501291274635e+00
