3.834401923519731081e+00
3.727834500485462499e+00
3.655696332239131152e+00
3.629166530739500462e+00
3.514632838109329249e+00
3.419955918873573530e+00
3.584697088343882676e+00
3.553843040777349582e+00
3.491410713052810699e+00
3.538000788867169621e+00
3.628421114154964044e+00
3.579371956252482168e+00
3.696200390425187443e+00
3.644502177357209938e+00
3.561065254298522831e+00
3.713348480778164262e+00
3.331137757910626274e+00
3.742489006063580703e+00
3.575343980158370627e+00
3.362430809450662750e+00
3.456458159490926274e+00
3.731831749771238549e+00
3.596333560975407906e+00
3.733578185175416841e+00
3.539938400787899120e+00
3.706889535373848688e+00
3.820945510639190079e+00
3.629860772836454252e+00
3.598969577183094515e+00
3.477192787634726834e+00
3.442383918713413316e+00
3.622420772213543749e+00
3.570671243122921279e+00
3.604476319101034498e+00
3.433469344590989181e+00
3.500011040866277678e+00
3.497662757697994618e+00
3.561302343347803490e+00
4.027587041248784416e+00
3.687787422419460448e+00
3.555333605171589806e+00
3.510451672573635662e+00
3.667574174295656242e+00
3.542095743299082944e+00
3.622734096320251229e+00
3.513678076012016316e+00
3.412253555855503162e+00
3.963471840631961562e+00
3.898665112627692775e+00
3.562230656772991111e+00
3.656856417704064555e+00
3.650017366477726011e+00
3.767870436788363531e+00
3.566749733518562504e+00
3.664600899144245805e+00
4.018849246417207866e+00
3.408964240050528449e+00
3.551090371789200617e+00
3.677764300742576431e+00
3.621095010293218230e+00
3.879513657230528878e+00
3.551364730406291859e+00
3.699525626120050870e+00
4.031321139186267111e+00
3.613864182404814329e+00
3.612948257440562472e+00
3.532641501844392184e+00
3.733797342556183452e+00
3.462421980113984166e+00
3.664213338441330237e+00
3.646459594441365581e+00
3.555035152104992324e+00
3.671884796020210562e+00
3.819706880475436162e+00
3.703935696607005834e+00
3.695139904307927381e+00
3.537463860659214809e+00
3.511347594389577775e+00
3.623428422440384544e+00
3.642273590654066417e+00
3.513511099176373609e+00
3.784295461228611046e+00
3.506320880882865865e+00
3.504029640591471040e+00
3.479311639771174303e+00
3.740693296014221847e+00
3.685557115491949087e+00
3.664594513864989800e+00
3.693704915523557286e+00
3.609724863750682911e+00
3.755862653077739033e+00
3.759215667040293418e+00
3.969260596821378773e+00
3.665737751629053687e+00
3.742907560106007114e+00
3.707464099341200026e+00
3.770754718639124370e+00
3.542284111472060903e+00
3.442217252095186364e+00
3.548203130257082893e+00
