1.389319814235507211e+00
1.330765212311530110e+00
1.435632128200939439e+00
1.403781519742203887e+00
1.625070260073899764e+00
1.706915479072695696e+00
1.626729762855297245e+00
1.637168039610179981e+00
1.697197394035246276e+00
1.678821588787008823e+00
1.563315192951788779e+00
1.481200820905669069e+00
1.362937317829609141e+00
1.472500973264056157e+00
1.437450119864064568e+00
1.478451560206253568e+00
1.466248990107725803e+00
1.436476242258629243e+00
1.610014321029581197e+00
1.670069607771665687e+00
1.762291617380193021e+00
1.696911974637692166e+00
1.664367184103720199e+00
1.654500987680260993e+00
1.727067218443537167e+00
1.540476781997148548e+00
1.649843936109002485e+00
1.590687300743201860e+00
1.638054119091548300e+00
1.703418300470606050e+00
1.623376546368421547e+00
1.666703788072457781e+00
1.573742580484370990e+00
1.742125046570252023e+00
1.657066490106769097e+00
1.675008761723080219e+00
1.654890767661488127e+00
1.555944236862305097e+00
1.591234653575628544e+00
1.574407898427004682e+00
1.634789802295235628e+00
1.666694151515061950e+00
1.549287731757772457e+00
1.506396055361388209e+00
1.662105565869182344e+00
1.627509453258218608e+00
1.628056513518274295e+00
1.651278467521497539e+00
1.641580816480655791e+00
1.575656622899725079e+00
1.647068211240171998e+00
1.730532443743266535e+00
1.708019479613177127e+00
1.662359752000481805e+00
1.807631455114473207e+00
1.703336044495470603e+00
1.704604506213415194e+00
1.723779717377975418e+00
1.637056544845631123e+00
1.745929133449024118e+00
1.713161168465116013e+00
1.659207340407711895e+00
1.529445521155890830e+00
1.646830936431817660e+00
1.700618378117377594e+00
1.569112508515259519e+00
1.639448089910289896e+00
1.610034980949397010e+00
1.615019252415576645e+00
1.708365730117725523e+00
1.659916832197181558e+00
1.567870028244883640e+00
1.594408308197334811e+00
1.592723322198303704e+00
1.583776493469198465e+00
1.843118335767726990e+00
1.711290725874361485e+00
1.778727379585415047e+00
1.750719118005731545e+00
1.569298396284987351e+00
1.622621833065008845e+00
1.699169721498061003e+00
1.767189352110549727e+00
1.643901395171703417e+00
1.730158712713985025e+00
1.580244434134159714e+00
1.626970632602506406e+00
1.572992137713024485e+00
1.623703258877385425e+00
1.698142602487693997e+00
1.631069416103585468e+00
1.769405667540572047e+00
1.813671879712041690e+00
1.710083380235421835e+00
1.736109269690721879e+00
1.755570571392890189e+00
1.739423022252182038e+00
1.678423031941257637e+00
1.679041862681444952e+00
1.640528103153573447e+00
