1.459942611716412042e+00
1.545520858086378180e+00
1.534242669616175947e+00
1.593952839014273204e+00
1.519552960829892774e+00
1.487995906844255423e+00
1.546076707528510230e+00
1.535751516233891278e+00
1.597152067734152636e+00
1.472123564141827545e+00
1.530794109560122518e+00
1.575166971649952341e+00
1.791078330854800171e+00
1.525308780262994546e+00
1.360048630095428424e+00
1.479866721550384678e+00
1.444325838458018652e+00
1.526832716778641075e+00
1.466090264906041662e+00
1.498678194626379634e+00
1.590967863552394723e+00
1.516137341774929315e+00
1.683679105156829170e+00
1.548080845377652670e+00
1.672665381925956041e+00
1.576136377083900530e+00
1.637256459155316923e+00
1.584446428589374456e+00
1.760610937769569562e+00
1.680028175631075760e+00
1.659393522509981400e+00
1.592379023442738628e+00
1.570033673085485804e+00
1.662571562313841289e+00
1.602804593781121056e+00
1.531141714060868297e+00
1.541975393800654848e+00
1.629904231203502585e+00
1.642990836826821122e+00
1.570169562756900117e+00
1.576800655986793753e+00
1.607126389617491435e+00
1.610916686578341972e+00
1.644364364306297510e+00
1.756254458970247345e+00
1.731567755327021452e+00
1.615159563965666845e+00
1.612023450526693269e+00
1.610159162772648589e+00
1.586621560543138187e+00
1.665328724379961711e+00
1.686726719738466107e+00
1.634878616368719007e+00
1.737794856988610359e+00
1.678207220036238789e+00
1.658031634792564102e+00
1.778573805298083510e+00
1.645482690936052483e+00
1.727962017429196084e+00
1.560226758126649349e+00
1.684327339393728584e+00
1.726268493520004776e+00
1.749062002232313784e+00
1.636747371409089657e+00
1.706105862351803060e+00
1.688517361198177857e+00
1.661641814062510658e+00
1.830773608483850845e+00
1.835290007634759135e+00
1.724840616604930599e+00
1.861981498260401491e+00
1.656593538392243214e+00
1.753063613016615729e+00
1.635014842539292301e+00
1.559926312358661304e+00
1.485776298584748467e+00
1.654993028124604804e+00
1.585259650697233402e+00
1.671351885274496407e+00
1.676083016883522792e+00
1.804103375680902843e+00
1.674924058648680214e+00
1.558619433596359238e+00
1.738079852174978956e+00
1.687963572840861959e+00
1.612948614433067585e+00
1.566049919385334555e+00
1.609761311357231106e+00
1.586750223042297181e+00
1.543373791585575638e+00
1.631709960179346108e+00
1.471857364397201273e+00
1.614939858584691468e+00
1.612206086264269311e+00
1.550913154036287711e+00
1.581732255116372832e+00
1.576504610752979874e+00
1.563085698548298152e+00
1.583075335481866963e+00
1.930704592239828932e+00
