8.907714335451453191e-01
5.070686010366096674e-01
1.164924987490129071e+00
4.866746617387974205e-01
6.716576061359853522e-01
7.236922365136553292e-01
8.555890160722857685e-01
1.211914156210130100e+00
8.833818764501281118e-01
5.937909369746227073e-01
6.431221820873704864e-01
8.861483278045181322e-01
8.944698706218959794e-01
1.127182715498984189e+00
1.398803607917865177e+00
8.167511650176966231e-01
1.886832314122716570e+00
1.130837674190826148e+00
1.066034196899583009e+00
6.897625095339492418e-01
8.649295123592655177e-01
8.651615015666241915e-01
6.825241223331519613e-01
9.272541626643716617e-01
8.961464488575002774e-01
1.180617385636380190e+00
1.236217848885874604e+00
1.268323588769516341e+00
1.030809232026198785e+00
1.043476866620462795e+00
1.313055635550904432e+00
1.289601901339396228e+00
9.459097971049424958e-01
1.517443904282997913e+00
2.129566486862879415e+00
1.428870655059657269e+00
1.379222695808038468e+00
1.988055224086193951e+00
1.652986715317164457e+00
1.580334036761506855e+00
1.323543587583925651e+00
8.167652006570734757e-01
2.054226984710196824e+00
1.245271493534959140e+00
8.515027947632529681e-01
1.147813789091990611e+00
1.383265277987616004e+00
1.174337259574186776e+00
1.076040112421704054e+00
9.180974659197518317e-01
8.563280320047321759e-01
1.182357959963046712e+00
1.097127649868109955e+00
1.783193664407260570e+00
1.202246982535333020e+00
1.541660537898263739e+00
9.142263722218919586e-01
8.565204133873858261e-01
6.182023234797595634e-01
9.604675299128436761e-01
1.350420193021324655e+00
9.999506499786485758e-01
7.461089885932994381e-01
8.354484285410690436e-01
1.254335984205866561e+00
1.132004504767718300e+00
1.511522440822036017e+00
1.545071913917121620e+00
1.067025147598353207e+00
1.563712264738597479e+00
1.254248968876741976e+00
1.423869718227083414e+00
8.711989286699146628e-01
9.172706269392272294e-01
1.089929945489549246e+00
1.662462568148822983e+00
1.604610817271425960e+00
1.938090336663335522e+00
1.601470136076696082e+00
1.410919732746221511e+00
1.131079089130857085e+00
1.027854899419096135e+00
1.139035863839789942e+00
1.334148999453669715e+00
1.337368256571443315e+00
1.305435406979712942e+00
1.647360746283747623e+00
1.587381166440486435e+00
1.627515550648675369e+00
1.819030863624396588e+00
1.839481124055843297e+00
1.726728377908431034e+00
1.538738658312480023e+00
1.559069434222263739e+00
1.781744129400956389e+00
1.316781233318494060e+00
1.295905212789623118e+00
1.559282409632053890e+00
1.419088675338275651e+00
1.373447447287508671e+00
