3.685263046779251983e+00
3.681262074552155816e+00
3.562593569342559441e+00
3.645087972355935069e+00
3.566287930163196673e+00
3.490858405469224213e+00
3.628363001086741146e+00
3.539937799929224305e+00
3.498039430722218235e+00
3.563501605046647480e+00
3.844060555625473885e+00
3.601562161164225007e+00
3.513958376098342828e+00
3.756589921137724275e+00
3.570606784293713254e+00
3.436658275956165909e+00
3.558834339869827446e+00
3.677738498581470949e+00
3.608477643303879212e+00
3.632796713307509862e+00
3.396502952959595145e+00
3.539105007166079897e+00
3.492140164675959557e+00
3.713938530018731754e+00
3.419322747062420564e+00
3.624964822204061132e+00
3.827814518431798430e+00
3.557698024980215035e+00
3.603012240355014661e+00
3.658169231079805073e+00
3.569373175827887490e+00
3.549973668918453562e+00
3.615284454149243487e+00
3.690098909844802932e+00
3.487275726428411105e+00
3.603703495239778842e+00
3.626312248771143221e+00
3.565197275917544761e+00
3.684776358049262512e+00
3.747705378188064707e+00
3.598671654094381722e+00
3.422138245248702582e+00
3.870383091664673092e+00
3.515981870995940284e+00
3.731466662225330300e+00
3.522963698409372846e+00
3.689893232283651958e+00
3.501357279284986745e+00
3.704178867986506862e+00
3.821195919294321452e+00
3.563093055537139620e+00
3.571801692353840707e+00
3.704373784796479718e+00
3.617640955699528593e+00
3.745876775951253013e+00
3.660615086494701131e+00
3.508816775004988120e+00
3.602203589952057250e+00
3.511160753192313244e+00
3.581564186114357007e+00
3.490463062381030657e+00
3.798093705672048070e+00
3.659123579881601085e+00
3.657591954051090610e+00
3.722823099113385936e+00
3.748628462780826620e+00
3.591904091287771106e+00
3.569935862302511254e+00
3.742171326567152789e+00
3.455622899151810312e+00
3.578039869348822677e+00
3.661886960622815046e+00
3.553234077573425687e+00
3.632473360752001668e+00
3.668306825933815407e+00
3.843105830898778219e+00
3.589877053059129075e+00
3.662801874125451551e+00
3.583024928855195412e+00
3.547631741248120196e+00
3.683316888609132977e+00
3.603563676761537327e+00
3.668605845156601486e+00
3.457853794788305901e+00
3.602110067891643119e+00
3.603852262378997917e+00
3.558140015793173294e+00
3.700636611542007959e+00
3.615181458784042512e+00
3.640042244150063055e+00
3.635303727873994362e+00
3.723256893866166095e+00
3.620414778623204821e+00
3.835278047733749585e+00
3.526958147823794132e+00
3.757572117424964109e+00
3.508342523594453422e+00
3.635317247952460029e+00
3.432817350740738682e+00
3.654980259966835732e+00
