6.374220380139663522e-01
8.879946859193443842e-01
6.123903531619516727e-01
1.317362972856342740e+00
8.607553075179172897e-01
1.160094036330507450e+00
7.694710041381774834e-01
7.032464300953810143e-01
9.748399292106383340e-01
6.927990510531270019e-01
6.423031872206370618e-01
6.827017733943541167e-01
8.500173037410683197e-01
8.223165629099765672e-01
6.596439346311454566e-01
6.977834489654867189e-01
9.560320019182549922e-01
7.660302111818275694e-01
9.281845199469742624e-01
3.285773437682346643e-01
6.155315257354941894e-01
5.615294592003117202e-01
8.407130441533142706e-01
6.207869280415393431e-01
7.470412689418988172e-01
8.039622470713461144e-01
5.027826435462018351e-01
3.656808482096601809e-01
6.503695986671385043e-01
5.695004947029185249e-01
5.965014176585228256e-01
5.559727139169903243e-01
4.626913984604819063e-01
5.634909405011097050e-01
6.495979341636342053e-01
6.595798312245350070e-01
6.001387107025649703e-01
5.611803839062452504e-01
7.366079265570506518e-01
8.194497818456604188e-01
7.410414042236591614e-01
5.705413574765507700e-01
5.924174318122652494e-01
7.286940820597158641e-01
6.336345698319427733e-01
7.440370843240567966e-01
8.511433301404878193e-01
5.535063827439080653e-01
6.753259116324029643e-01
4.366675708455162175e-01
5.921664995082422944e-01
3.261256559216544892e-01
4.863452978096801105e-01
5.939423743057088423e-01
7.202228645762336345e-01
6.766249528090582110e-01
8.073837633581397721e-01
5.168024475783051797e-01
4.952523327667170960e-01
3.101797973800055064e-01
3.109676525029911875e-01
4.364742597916981270e-01
7.315131711356612776e-01
7.677017014744476064e-01
8.752818175536652978e-01
7.330056562713355151e-01
4.913728948385754913e-01
6.303022605614516660e-01
7.181227405781770434e-01
6.345468706246665258e-01
6.023932731982694078e-01
6.234893101057618070e-01
9.444285149000806179e-01
6.340263143339829321e-01
6.455776795110309552e-01
5.284313034645627960e-01
5.780268165050516105e-01
7.663936235669963626e-01
8.442509372692625913e-01
9.678820188495979027e-01
6.267940348839471376e-01
9.443916699384883318e-01
6.461194190877878052e-01
7.213390422072273322e-01
8.370758570211149774e-01
3.274374677706886616e-01
4.849591253908260846e-01
6.869744527778472998e-01
8.350901022500709647e-01
7.734252472582257010e-01
5.697934974240067563e-01
7.940358802631725110e-01
6.177786189363686509e-01
6.203940848761452242e-01
6.060494939087834876e-01
7.236516424398934388e-01
7.388399007969226329e-01
7.301044065726021159e-01
6.977619792097702334e-01
6.017997694192112057e-01
