1.259108203278799909e+00
1.024554163967941411e+00
1.189801736998151949e+00
1.282499992934091892e+00
1.615130270465142903e+00
1.847766977703068303e+00
1.408423568055602537e+00
8.325953237615498770e-01
1.093184589627639980e+00
1.384720600967949578e+00
1.388361760926359878e+00
2.245144438078808147e+00
1.227682121907551993e+00
1.057515972815304739e+00
9.785902595510140856e-01
2.176465192274297245e+00
1.706579130883340678e+00
2.319465133260566247e+00
1.279482189322160401e+00
1.435663936803756924e+00
2.218663633572609761e+00
1.458842987451119511e+00
1.127656621530745751e+00
1.405329568908394444e+00
1.820897043930181924e+00
1.458041975619247088e+00
1.495443582206500643e+00
1.437981022187988733e+00
1.484059867452931947e+00
1.338396826864131528e+00
1.314739203517176103e+00
1.163443994822782601e+00
1.215391077591058577e+00
1.482081724320861715e+00
1.228134948417391126e+00
1.498144710722727924e+00
1.153443112334096243e+00
1.222702870010476728e+00
1.439073140194804257e+00
1.612076517564605238e+00
1.352845134010859596e+00
1.353530330203006615e+00
1.691263996610311349e+00
1.518518388895276017e+00
1.374973261242442124e+00
1.428030842734104855e+00
1.821209265033575164e+00
1.150459525617638867e+00
1.496799118832490949e+00
1.534793870295005691e+00
1.994376748036954750e+00
2.734044814137265522e+00
1.714327423129650585e+00
1.686659532405082151e+00
1.373763541906044328e+00
1.625746098981842191e+00
1.477309139365936330e+00
1.306595434952031010e+00
1.283101440736441390e+00
1.845541463590945730e+00
1.946106999177792174e+00
1.135115814904638532e+00
1.401812389856991858e+00
1.627742882346331577e+00
1.554549819096370911e+00
1.273157681233026306e+00
1.276421914999648077e+00
1.704256592934032311e+00
1.388651276859815598e+00
1.577517978560077250e+00
1.394637152687431048e+00
1.437250191055190474e+00
1.503699169222716181e+00
1.725376032657372383e+00
1.357178716605819568e+00
1.419248552213535186e+00
1.921180273838629216e+00
1.983352544436884024e+00
1.679428728950056682e+00
1.696682004978799618e+00
1.868924353577315012e+00
2.071094881252980358e+00
1.966584954167444943e+00
1.660127025565448111e+00
1.882546429648431774e+00
1.863805799379438133e+00
1.879516079232282477e+00
2.015345568984415081e+00
1.775756734593714192e+00
2.160179140180655377e+00
1.933400206637130081e+00
2.044638559136700451e+00
2.055564687642997601e+00
2.084568167727853805e+00
2.300440258735362065e+00
2.123628423673709076e+00
1.804987311695921415e+00
1.796658048051669176e+00
1.926873324266933141e+00
2.156579265874430273e+00
