1.289098028451599154e+00
9.533086790579691217e-01
1.045621473174425553e+00
7.776297970820228445e-01
8.395902638621836056e-01
1.108662268591098954e+00
1.160871428520786175e+00
1.456203369088835853e+00
7.281115852091586405e-01
1.040469708003964877e+00
9.363815855592767523e-01
1.440810857531005906e+00
1.256657271100285689e+00
9.769298317931670583e-01
7.004353723943720356e-01
8.726340905809920612e-01
1.285403097479509205e+00
1.407004621064060990e+00
9.463413694965048251e-01
1.276109738277744432e+00
1.522074884016384244e+00
7.577654974789854725e-01
1.546818369395859039e+00
1.083581003854914293e+00
1.206473879628629176e+00
1.009276426247833314e+00
6.694385925521701974e-01
1.301092504302847175e+00
7.472169501103361755e-01
1.002380856233932693e+00
1.169675545403386918e+00
1.501285008367073237e+00
1.191793944916953896e+00
1.104015073105258260e+00
8.960100275231976941e-01
1.369617225383203740e+00
1.019913798986575637e+00
1.166991441182963385e+00
7.648848189210895043e-01
9.729285722792841984e-01
1.282126941139329013e+00
1.236191372425702983e+00
8.561763095546368607e-01
7.694403077365765675e-01
8.678552221982874793e-01
7.411463387131510538e-01
1.152766288100761427e+00
8.119964099503711452e-01
1.082498134653029354e+00
1.052370507511354303e+00
1.065537362993072668e+00
1.226989507103318555e+00
7.669092667142980435e-01
8.373734164072274000e-01
1.117746217605081860e+00
1.378973616027560967e+00
9.317674128073991646e-01
8.908552289917218703e-01
1.105652342482823514e+00
1.299728047884884052e+00
1.115951560961288891e+00
1.502942552678352195e+00
9.871092622282936491e-01
1.379370853230525329e+00
6.648829517417156332e-01
7.314075179524150983e-01
1.098263487507282754e+00
1.508748458862942288e+00
1.009075668239377332e+00
1.259456252169114165e+00
1.235897111358178924e+00
1.198140100829013788e+00
1.573038169115794638e+00
1.168466205355301213e+00
1.045128516492564996e+00
1.091462797358929482e+00
1.047957728143150025e+00
6.998006003564462008e-01
1.228710113016208583e+00
1.012329067511522629e+00
1.092788880250297856e+00
1.166158216252094260e+00
1.227810569538354102e+00
8.570437632538396855e-01
1.323193940054806728e+00
8.617424745711905754e-01
1.415551488931834578e+00
1.032462501113821540e+00
1.505100390963600487e+00
1.226170618953016378e+00
1.318799715457066757e+00
1.626614370219235273e+00
1.452573494574782575e+00
1.308668884927398857e+00
1.074481713865501176e+00
1.198735843850604388e+00
1.396633508601164531e+00
1.094465640409006069e+00
1.217289846763218053e+00
1.325647310210948282e+00
