3.480580758757253257e+00
3.396316505059665758e+00
3.571383270312761482e+00
3.733621917041232585e+00
3.417192090584602493e+00
3.538266352375955659e+00
3.619414516943047389e+00
3.498645063517531906e+00
3.590265172489884193e+00
3.811274844200491785e+00
3.480378689885398558e+00
3.503889128301771017e+00
3.558247816387194895e+00
3.594376386595195427e+00
3.546489051003727244e+00
3.579047438158633465e+00
3.497188667015171060e+00
3.574465092313888537e+00
3.629157366837745258e+00
3.846955180487232617e+00
3.514034011472546570e+00
3.580620193232297410e+00
3.554169927610302704e+00
3.705339427582098111e+00
3.517042095368000165e+00
3.514653619612536861e+00
3.529470096521155398e+00
3.675690672193994146e+00
3.693972602672611849e+00
3.572343790644271877e+00
3.680615225959254833e+00
3.695316074737224898e+00
3.658402134058013289e+00
3.384003317673079714e+00
3.451911411335334634e+00
3.623971032235257628e+00
3.646678709403082141e+00
3.549938209529323707e+00
3.449647790752655929e+00
3.481880570331881142e+00
3.772003579524125350e+00
3.555682816979988559e+00
3.319491449890001000e+00
3.434058739141156558e+00
3.587928914029521632e+00
3.735273011806425014e+00
3.764933709561747222e+00
3.619517248717875280e+00
3.512663865660878848e+00
3.444412150139247508e+00
3.676050761319624272e+00
3.467913945402599118e+00
3.446202243297503465e+00
3.478524164043053535e+00
3.503730346869088130e+00
3.558470856487065515e+00
3.527682535148062737e+00
3.982619582377370016e+00
3.464288545069051928e+00
3.643825290957642071e+00
3.607216165863528889e+00
3.583542631434085468e+00
3.464699748324454820e+00
3.620883749313095645e+00
3.634709463148510178e+00
3.671947383050758074e+00
3.639744016249610858e+00
3.573884500889856763e+00
3.840482592664577144e+00
3.518414434746007569e+00
3.751577121387005498e+00
3.557493476888997641e+00
3.608447990906776592e+00
3.340830786828191457e+00
3.493890901713128549e+00
3.672494368249764829e+00
3.585688591572472994e+00
3.545731753079525816e+00
3.553536595804873688e+00
3.607485089149834678e+00
3.423767873350137769e+00
3.520643965081743598e+00
3.471786024642453672e+00
3.374793239796431088e+00
3.550268099682866829e+00
3.624690676175922111e+00
3.500070718074607790e+00
3.582042310745599423e+00
3.593689138152151408e+00
3.594199706444874298e+00
3.612348450864704130e+00
3.588478341984119080e+00
3.468283590885708367e+00
3.637624755013988409e+00
3.691278697645322016e+00
3.401759345983399907e+00
3.856039577129686258e+00
3.389539048628853912e+00
3.774050464798335280e+00
3.455450535808867851e+00
