2.026641436380371530e+00
2.001138349596605526e+00
1.817222972214944221e+00
1.843040741019610573e+00
1.938837752696117356e+00
1.875834202781714311e+00
1.806744395716650242e+00
1.969829563876981382e+00
1.739226953943346032e+00
1.509276800777808569e+00
1.708029714465014282e+00
1.576396822518330021e+00
1.740452699203502762e+00
1.886805501853251688e+00
1.796255013345411378e+00
1.825499258887270493e+00
1.685903681033296797e+00
1.738400227829496103e+00
1.682101550576760030e+00
1.739848139510073555e+00
1.913956697978781207e+00
1.889589534003367266e+00
1.697376861849304142e+00
1.716926948098865369e+00
1.938216836684416355e+00
1.942245123221043590e+00
2.042654250507178748e+00
1.961340224054802794e+00
2.035391598790560419e+00
1.836400883687979935e+00
1.985428945543901591e+00
1.816293816830318208e+00
1.708158252622967499e+00
1.862763358932786106e+00
1.795306501397522014e+00
1.564889721295824598e+00
1.663635751724462208e+00
1.726903408478874136e+00
1.839823359495919464e+00
1.642961129527725328e+00
1.822687225630053476e+00
1.679850821819579343e+00
1.707102297905149779e+00
1.729628443044718411e+00
1.731950732561313933e+00
1.764703143643294725e+00
1.733213737359921014e+00
1.609767242446698443e+00
1.637075192164877624e+00
1.628503177796773560e+00
1.900244922258213398e+00
1.888142788652766857e+00
1.863088549567292196e+00
1.870698091246380645e+00
2.076802645358242660e+00
1.981412016738212101e+00
2.214885935840387621e+00
2.056452724718333513e+00
1.764030946802687572e+00
1.945668378341012028e+00
1.828458234305291530e+00
2.020520469522233409e+00
1.820643607824974586e+00
1.937477885821868195e+00
1.815698254755360397e+00
1.929898115546307302e+00
2.043136092702913409e+00
2.031216167387081661e+00
1.766246957672904294e+00
1.881405304641351472e+00
1.906950342817883559e+00
1.971780641103703546e+00
1.864842958250216620e+00
1.854767951825812222e+00
1.795917787186813941e+00
1.933857991806334775e+00
1.881277832588872601e+00
1.900688793342023786e+00
1.762657626617062379e+00
1.853987957939568387e+00
2.063930769052141123e+00
1.845909092403183127e+00
2.019178420034819066e+00
2.099064382524231220e+00
2.100230857849777255e+00
1.914698626263892089e+00
1.904149543586940663e+00
1.758713693552220070e+00
1.939223746268414095e+00
1.964870231149258073e+00
1.791629976048554784e+00
1.787724756020412364e+00
1.888032844384431197e+00
1.991470690516569109e+00
1.985993598459410592e+00
2.060752805318534886e+00
1.852541642886677220e+00
1.850475221130227554e+00
1.642201998547945685e+00
1.791074952892577565e+00
