1.582894607025831180e+00
1.398434356844261206e+00
1.259275356412121294e+00
9.458209645165498447e-01
1.351033294800159323e+00
1.317235256535252530e+00
1.454885424288799189e+00
9.940997455769551294e-01
1.293547213910416271e+00
5.295250869025398543e-01
5.648567676868417875e-01
4.765043894033871852e-01
1.138506408705120432e+00
7.655519952801035366e-01
8.001962190953753051e-01
7.180940271048409373e-01
8.266617244403478004e-01
5.582649342930313674e-01
8.501197824424977512e-01
8.008149169157965375e-01
8.246263455793051422e-01
5.524459564331158923e-01
5.597252751696720763e-01
7.374974231990367723e-01
1.027899096369679244e+00
9.158345320243612697e-01
1.037058891422407703e+00
8.019221556873207257e-01
1.383602737845897490e+00
7.285771162545509050e-01
9.409947889613178296e-01
6.389969840357933029e-01
1.159308667266093495e+00
1.113507558449367219e+00
7.163599529172635094e-01
8.225456485492086411e-01
1.077078984487754187e+00
8.123745421365878849e-01
8.374430214502106562e-01
7.173157520078551341e-01
9.476418187443583774e-01
7.190419307884220457e-01
7.657968601516947915e-01
6.373340613701862223e-01
9.572611421711039181e-01
8.921029316945078280e-01
9.994103738455428765e-01
1.061454246546581714e+00
4.704129331915729018e-01
8.816229942151525556e-01
7.821360875818562652e-01
1.002895841691154422e+00
8.661016868622809506e-01
8.610468970011168066e-01
7.388208475760802418e-01
7.944913824687949155e-01
8.361034160034211959e-01
1.124148897201232122e+00
5.783438226203588828e-01
5.985026522135563631e-01
7.775445366630262534e-01
7.698467399703249336e-01
7.764260975024060984e-01
7.554119526293615605e-01
7.704269201607953921e-01
9.099083731813293330e-01
6.843746514390488533e-01
7.360960283476915000e-01
7.001644002790077259e-01
7.697626106538139057e-01
4.605453513218061845e-01
1.055235715528269003e+00
8.253766080882009026e-01
8.359267992455673424e-01
9.267872357377251458e-01
9.262506606036262635e-01
8.543946249207706733e-01
6.391273056094575189e-01
1.403969198417988284e+00
9.625032941372932971e-01
1.012845229409956804e+00
6.732017051651300044e-01
8.779442078744358335e-01
1.020676032178020387e+00
6.340680597226073800e-01
7.046155509655949167e-01
9.398923682887024844e-01
4.900522387050873507e-01
6.261539169369674251e-01
6.619894372660882764e-01
5.073223792348362515e-01
7.098384230407333018e-01
8.287945306384030264e-01
5.173443409173653640e-01
9.135760753078405738e-01
8.975263609672322618e-01
5.449304651177144798e-01
1.120918876732360792e+00
6.920077798714584505e-01
8.303482312896447448e-01
