1.675599751617854460e+00
1.584876034946210765e+00
1.515680005985924561e+00
1.573480818663365532e+00
1.473546291967650523e+00
1.479751314863587908e+00
1.634604341953605156e+00
1.596336881904071081e+00
1.558537808657447510e+00
1.562422811559208258e+00
1.444778012431453540e+00
1.534745362797649948e+00
1.462154425838785743e+00
1.473364522258848064e+00
1.539432269027613431e+00
1.492571147605736170e+00
1.726235712542235401e+00
1.610649304503051882e+00
1.649110362925111151e+00
1.631466208811792162e+00
1.649222984425552818e+00
1.558188661410803366e+00
1.579832308282272502e+00
1.541033086496625959e+00
1.635660991020426946e+00
1.535384525954225587e+00
1.827196016454533334e+00
1.828740927323978083e+00
1.595815497319552856e+00
1.559744260742119915e+00
1.650186339451506834e+00
1.616934103254486610e+00
1.395380967795968985e+00
1.565770376761265181e+00
1.804385749566745689e+00
1.654294175522261767e+00
1.562644628729802143e+00
1.584846963074614257e+00
1.742579910496902640e+00
1.651830572215790660e+00
1.785071419874951992e+00
1.687967663326728873e+00
1.551405396368224610e+00
1.631029701057701065e+00
1.577481946851960526e+00
1.717824123082947851e+00
1.602393852311970512e+00
1.789530708195359088e+00
1.817202796998842684e+00
1.758056758573041112e+00
1.742205525861632021e+00
1.687011644421238188e+00
1.726823005123583776e+00
1.642623454076366230e+00
1.775634022943302304e+00
1.598412005900680333e+00
1.634488098897518782e+00
1.670807348780909196e+00
1.866400620911039088e+00
1.827749553227018042e+00
1.688980754199219003e+00
1.689775552763290056e+00
1.726351798613819710e+00
1.571977122623407386e+00
1.801628245349664592e+00
1.830463123143345694e+00
1.940947135981099247e+00
1.931442249501647890e+00
1.746975044392626408e+00
1.566278763743803371e+00
1.731458856215475350e+00
1.747726757830426525e+00
1.752579862142619627e+00
1.783937475585601673e+00
1.801818016389523436e+00
1.884970874287594134e+00
1.779803027453478848e+00
1.810552711328661024e+00
1.738647253930377223e+00
1.855110972702103123e+00
1.824816453314773490e+00
1.885737078655011612e+00
1.874468558281593866e+00
1.837155975199527003e+00
1.917912924634789462e+00
1.978692232885404412e+00
1.848686879630539570e+00
1.935645667743394416e+00
1.897337729965957509e+00
1.754838079083500757e+00
1.785321879558658953e+00
1.758438559673728196e+00
1.673914067618726520e+00
1.651416383917210240e+00
1.707558384433038867e+00
1.664988301833767892e+00
1.715459395300551249e+00
1.754288452276581589e+00
1.795639163195047683e+00
1.843884277228185820e+00
