3.483962843066483739e+00
3.569411900956936723e+00
3.877293622368037873e+00
3.772924874630733338e+00
3.669079876768162940e+00
3.543754176171172166e+00
3.470944874573707484e+00
3.605160783908573308e+00
3.704567792234268797e+00
3.525986729885066229e+00
3.683790286888038779e+00
3.553495308791917662e+00
3.817001915738648332e+00
3.625824311270675171e+00
3.461364197311827429e+00
3.433791168406977956e+00
3.680411960809566452e+00
3.778101669316573652e+00
3.592205384001989632e+00
3.622083167749932553e+00
3.591039547205999938e+00
3.589438153228234896e+00
3.754739972532703973e+00
3.610879026934177283e+00
3.677326667279455119e+00
3.577227419163079070e+00
3.559644496725145935e+00
3.501279189778351952e+00
3.495340507014015774e+00
3.717972317272970617e+00
3.656262642638313576e+00
3.498964578034256423e+00
3.577194912103491831e+00
3.458902444334889470e+00
3.680775998370712454e+00
3.582621697536915395e+00
3.515388409750805465e+00
3.585801936903889153e+00
3.789674860449211646e+00
3.849449783674671721e+00
3.599401207953350834e+00
3.628221159130308848e+00
4.115158275054499271e+00
3.725580497998015606e+00
3.754158053597229650e+00
3.544016675085427615e+00
3.524088414126860247e+00
3.526168967357948159e+00
3.848080840492107413e+00
3.580139083263746969e+00
3.553514507290207902e+00
3.584967711421026770e+00
3.595749873949360076e+00
3.656561871712595391e+00
3.651132763230241718e+00
3.438344511941096471e+00
3.586161090078400004e+00
3.598414295128633089e+00
3.802094904907917350e+00
3.586921961981046181e+00
3.680371294100685642e+00
3.675250749539158424e+00
3.619052529545468300e+00
3.708984841222305651e+00
3.716858301203987303e+00
3.473931829141037042e+00
3.456157498126680494e+00
3.711058903019708755e+00
3.568298065097857741e+00
3.588830352689155845e+00
3.568937033508718049e+00
3.763193668702679684e+00
3.468837326118183295e+00
3.631749328659642728e+00
3.737939656122609922e+00
3.674568540777437331e+00
3.568870292298439661e+00
3.803469621705220405e+00
3.550547674752871252e+00
3.518461242305628733e+00
3.694493243204479693e+00
3.564694570229364867e+00
3.510693449797521293e+00
3.745420657295688738e+00
3.735144658027146569e+00
3.755038658532799278e+00
3.627539462764078237e+00
3.613087125029092128e+00
3.523260332749850843e+00
3.498541763192986487e+00
3.674587587988261905e+00
3.528775347654300898e+00
3.829064047436312457e+00
3.846665141739841864e+00
3.601976083334413214e+00
3.431635194968989389e+00
3.725463071084370359e+00
3.636283030092709811e+00
3.615290080619813828e+00
3.678088349313636929e+00
