7.513253141453620776e-01
1.010539252569542024e+00
1.014695459790405652e+00
8.081927961152370887e-01
8.327194717932298040e-01
8.673118449718607570e-01
1.458934722189643152e+00
8.471353319236973878e-01
1.135996863855953887e+00
6.163222883729475576e-01
1.128101378069612082e+00
1.058011979803865632e+00
5.792847070928676123e-01
7.552638926731034541e-01
8.272904132478077210e-01
8.616333915624138085e-01
9.378031355456716289e-01
1.034105281794047704e+00
1.136964598492384848e+00
7.731051231882943853e-01
7.532153405406933899e-01
8.095194092533646302e-01
8.507025218943032874e-01
9.593499646615284426e-01
8.835237214565211383e-01
8.703370176305530448e-01
8.115015047584498431e-01
7.871024084959842293e-01
1.087175659159688168e+00
7.522769294613576019e-01
9.856622412275647394e-01
9.201989693513236146e-01
6.573929634584646520e-01
8.281935771088978493e-01
6.195279962893756043e-01
1.140873693193723115e+00
7.368672684854693511e-01
5.616214736074436331e-01
9.765392734301824307e-01
8.020036108398612695e-01
7.021138669329232140e-01
1.159505858709468207e+00
6.491008939468267958e-01
8.735238381309813338e-01
5.639131790504614550e-01
4.783710372515191933e-01
8.638098000754993455e-01
8.973292535616438359e-01
6.083604626317226094e-01
6.452485624680137644e-01
7.628607960715625413e-01
8.761667085123788778e-01
4.393280005417291023e-01
6.162234312216188226e-01
7.044856354100701434e-01
5.120722712778461583e-01
1.125211289595475117e+00
8.947558750697929275e-01
5.281181889821874309e-01
8.627810418617736232e-01
9.223712029810462454e-01
5.982598633036002589e-01
4.000515997950486735e-01
7.679922500771516614e-01
7.526772371722519894e-01
9.198313032902756259e-01
1.140688256618795471e+00
8.992758424918497751e-01
1.273646703244500467e+00
5.988001305266144048e-01
7.760313676544957628e-01
5.836795902906953826e-01
7.706303442593542830e-01
4.720718385135549977e-01
8.404097847379687902e-01
8.506614718066179970e-01
4.461257610287650555e-01
8.601066478512532365e-01
9.529406116194835130e-01
7.385212184084906095e-01
1.636287170742302344e+00
6.553103255795458271e-01
8.242944654796040549e-01
5.954875515559076016e-01
7.003665912625836043e-01
7.692504271974415220e-01
6.844239368868959561e-01
6.962909681573452580e-01
9.404020866697327952e-01
8.031776884058855481e-01
3.817055217412101964e-01
7.176161859533394249e-01
9.627059774363172506e-01
7.212711770893978080e-01
5.685759647119226212e-01
5.903040426137018404e-01
7.154991226060063436e-01
6.164998515494497511e-01
6.544871889624938044e-01
7.995309344566770005e-01
