1.478209047634076345e+00
1.380519561968676312e+00
1.418770583442337196e+00
1.470618606002899620e+00
1.523235797333282626e+00
1.468525073848781393e+00
1.416446506907048875e+00
1.520940445555047038e+00
1.385703746917767543e+00
1.351654385692859783e+00
1.403964445055949639e+00
1.494526924285402236e+00
1.484588338534099217e+00
1.404817106241994740e+00
1.577925974503306961e+00
1.614884109305013693e+00
1.527933077936197703e+00
1.469116755650853978e+00
1.491257821391759331e+00
1.553346020206899381e+00
1.540959875730365747e+00
1.472857155079750902e+00
1.634911064753894472e+00
1.524451797928801700e+00
1.458400704976981155e+00
1.481446836046058646e+00
1.596198204880580951e+00
1.575677030743186879e+00
1.585481062099866945e+00
1.640211344818161221e+00
1.478941741927645825e+00
1.565797721916241336e+00
1.474226779300577217e+00
1.492235620710666844e+00
1.653551836204189884e+00
1.585113123946532809e+00
1.566578446253767298e+00
1.523208074630971964e+00
1.463765675913246467e+00
1.631150144078248321e+00
1.667336341239440856e+00
1.659755462487207067e+00
1.629017697329855130e+00
1.593247131886831092e+00
1.486934098164398144e+00
1.696476886210803947e+00
1.690278021289368882e+00
1.774005649100013571e+00
1.744711048090754391e+00
1.957254841976745485e+00
1.903144867644146254e+00
1.903658890596575004e+00
1.785425140653455367e+00
1.832984029652998448e+00
1.751833685814475405e+00
1.753726674146459663e+00
1.711904142597779233e+00
1.708014190886528061e+00
1.891895052655647280e+00
1.745135895245224500e+00
1.718836959528755814e+00
1.593085474544992941e+00
1.581825842748959321e+00
1.612629574900871221e+00
1.713880355685436951e+00
1.668619729941161589e+00
1.589999334614316862e+00
1.701573908130356028e+00
1.733213896683353239e+00
1.757683923403692283e+00
1.627678815475534613e+00
1.618442288189054334e+00
1.654254532352752438e+00
1.728969625119052278e+00
1.724838325935600380e+00
1.736219962441602371e+00
1.776482960643949838e+00
1.811193728021922800e+00
1.727268063212148430e+00
1.763591392770163857e+00
1.705119250963364363e+00
1.722806725002054229e+00
1.809261636382765825e+00
1.791517687289935656e+00
1.729767484254846721e+00
1.881515139093813627e+00
1.812882360773567791e+00
1.673474918010346979e+00
1.792032088555472802e+00
1.751568002331937102e+00
1.731178942260007236e+00
1.693341325400715025e+00
1.829848286176375183e+00
1.688470916560718793e+00
1.701975050941627821e+00
1.828502350133603294e+00
1.852027527229647141e+00
1.729018627595541258e+00
1.676820093124152589e+00
1.806738322884384962e+00
