3.504892856522695777e+00
3.555499942974845506e+00
3.693620985899006115e+00
3.813633606233135520e+00
3.692892573241485010e+00
3.587230508053364630e+00
3.738395810090520577e+00
3.526133030222565967e+00
3.610083619405484612e+00
3.582309310804899560e+00
3.724652792833949899e+00
3.549651353968332756e+00
3.433715702160574867e+00
3.517170917373223737e+00
3.716971319170399912e+00
3.535173650697599257e+00
3.567606140525874547e+00
3.755527423261108666e+00
3.511180875275545343e+00
3.355790000816557317e+00
3.466909138411645497e+00
3.628414665243173687e+00
3.570570915986324589e+00
3.530651280449822682e+00
3.702466118224894576e+00
3.682296067523260774e+00
3.629577011246793550e+00
3.449830219696192302e+00
3.496314912097902461e+00
3.736452116669456647e+00
3.500828985667493232e+00
3.578756086488815491e+00
3.451592657900402372e+00
3.565325524763882203e+00
3.641449685281413995e+00
3.676236442386880743e+00
3.450875593223062143e+00
3.484222506915271467e+00
3.747577577284257000e+00
3.975820899366946826e+00
3.547515008109905388e+00
3.619186796504796355e+00
3.678797714336610181e+00
3.486840132281831650e+00
3.555899628593131023e+00
3.774277750571613410e+00
3.590508660494025950e+00
3.521140387453476794e+00
3.646181494214856489e+00
3.468418616714619596e+00
3.512750886046704935e+00
3.564574453364613760e+00
3.488255210809861673e+00
3.534935176239632160e+00
3.690501148783283725e+00
3.580801976292264932e+00
3.683416582796605443e+00
3.713863188636251866e+00
3.623500521848732614e+00
3.761348288133068429e+00
3.591204735440195694e+00
3.680258956449228069e+00
3.732215516333352578e+00
3.541672724376871528e+00
3.732281292776747694e+00
3.506488666469261606e+00
3.560188061057657283e+00
3.827358595802377028e+00
3.601264087107550527e+00
3.567772809972147297e+00
3.937195648460522612e+00
3.798252231844574833e+00
3.695831772124555048e+00
3.674736136351426374e+00
3.733238650688004867e+00
3.497545070969484193e+00
3.688506245319090660e+00
3.528265422988476896e+00
3.437185365042274565e+00
3.505779034287278773e+00
3.519839974173087693e+00
3.486021920631221072e+00
3.557984776784163916e+00
3.469822142923161046e+00
3.831944229344938169e+00
3.621107675744310583e+00
3.480753601860180346e+00
3.553716412929299739e+00
3.679935490060134207e+00
3.661336321048710651e+00
3.543640196244857155e+00
3.644042001951432130e+00
3.611714805782964444e+00
3.607365463666845962e+00
3.608133892836459022e+00
3.431316392751734057e+00
3.742118160407752470e+00
3.536669903480273103e+00
3.722267945518310306e+00
3.589806067218006103e+00
