1.362718671083663402e+00
1.384295801254160629e+00
1.402431772283693645e+00
1.458874738904572865e+00
1.534141428180709310e+00
1.499910407730226547e+00
1.440686895642141918e+00
1.647591323957256382e+00
1.432609507789802672e+00
1.290927550068071472e+00
1.271636516277849793e+00
1.479708211785775607e+00
1.475020380756167260e+00
1.384088595344021844e+00
1.479840940275755967e+00
1.653399309480979795e+00
1.655333664600181498e+00
1.584911415261840206e+00
1.342977200949639682e+00
1.449742214493582093e+00
1.413897395851420047e+00
1.519673741288298352e+00
1.412377731661622615e+00
1.570084900436264252e+00
1.554174306670957906e+00
1.560892785062989230e+00
1.510718504089589409e+00
1.423109236193729421e+00
1.509325624485620354e+00
1.556690467461177452e+00
1.679362503292969100e+00
1.602740365269538447e+00
1.688534170623898989e+00
1.715493144538198678e+00
1.672175300260064557e+00
1.571170508748453543e+00
1.776280203141499481e+00
1.637775576729524341e+00
1.700839980608984670e+00
1.791602782410012251e+00
1.572818005150421250e+00
1.566568140153097533e+00
1.580846848202477117e+00
1.523011410350627592e+00
1.612024377222822213e+00
1.488630812751667198e+00
1.548596955306838385e+00
1.554658826144910355e+00
1.452480032217899897e+00
1.760876930594483358e+00
1.667435372962583262e+00
1.586963488037968162e+00
1.666238339414676917e+00
1.595527563423108752e+00
1.684210006270537852e+00
2.034679984587814960e+00
1.973274558532946310e+00
1.857216424598300275e+00
1.986037026191104893e+00
1.943873150608079081e+00
1.853424367915350812e+00
1.894791096465803015e+00
1.713955925866751384e+00
1.614233606198643756e+00
1.771484328622431548e+00
1.852170939105523884e+00
2.233438549901738401e+00
2.083454954283637139e+00
1.924256930215731520e+00
1.587010038131387635e+00
1.820767141610296402e+00
2.148606490132052738e+00
1.781984244169100728e+00
1.687208096527398782e+00
1.654014474742467211e+00
1.846538443249924999e+00
1.865679005175273630e+00
1.824065455248912837e+00
1.748893484712286117e+00
1.642860298625174131e+00
1.885694997997791500e+00
1.680149674369399548e+00
1.694232506452439058e+00
1.652556122421409368e+00
1.839550694981019863e+00
1.814441477372445988e+00
1.841366937169845563e+00
1.839010223896144325e+00
1.954615435132406098e+00
1.803987779123702229e+00
1.840042222044947495e+00
1.782547929397858333e+00
2.061431392438580978e+00
1.788486478664826906e+00
2.106746810334384712e+00
1.977647632161392721e+00
1.953125553241355172e+00
1.810812554176281841e+00
1.682779221063404718e+00
1.864939925799754761e+00
