8.196113017038129112e-01
8.700600925502274263e-01
9.812905272105639787e-01
9.998751246281483152e-01
8.793066295881815098e-01
9.140883193105782123e-01
5.085402357542776475e-01
1.136118032673939293e+00
9.441240877116526820e-01
7.036422361704892658e-01
7.544907100965031477e-01
9.096570635033477403e-01
6.282866352914348029e-01
6.547326475695480763e-01
6.814409185515305500e-01
8.736278873856719862e-01
5.528414784505433222e-01
1.085544176096654434e+00
8.512884925630476163e-01
6.588179506495090987e-01
1.067030541579580882e+00
6.134061074256874635e-01
1.007281441240900577e+00
9.049923932570451690e-01
8.470965925128834950e-01
8.354804274986892265e-01
8.063340664609491837e-01
6.404395956591358852e-01
8.704851794193180226e-01
1.352969482483880492e+00
7.397386257966719336e-01
1.019104455320221314e+00
6.909921363178387343e-01
1.191722633509159746e+00
8.248904643894695576e-01
6.684491854212707418e-01
7.847704961386525735e-01
9.961127824447887358e-01
1.180575664792473001e+00
4.770309582185317532e-01
7.219308225503643373e-01
7.108776121462964115e-01
8.005524572582093379e-01
7.188387037889810705e-01
7.467176803692974207e-01
5.297232650958975109e-01
8.079969458292969309e-01
8.530609302354167367e-01
5.776794203516181225e-01
9.650999655641872010e-01
1.063463553237473658e+00
6.293960643539984190e-01
6.359739746177105468e-01
6.871176225660469150e-01
8.543071180779184814e-01
9.980165299440165727e-01
9.207053061582120002e-01
5.107268938531889235e-01
8.050022952017156230e-01
1.039501016853465964e+00
6.954204394294271063e-01
4.073307426239919926e-01
8.988666791858219707e-01
9.093761419095667264e-01
5.962812446564922375e-01
8.509241105528675408e-01
6.466227407434635976e-01
1.176553468627679733e+00
6.262657823232465892e-01
7.465036435175604890e-01
5.957539807609335547e-01
5.468830636781609744e-01
5.476478254737634499e-01
7.464532680889996996e-01
6.701426959763131519e-01
3.726591018335332350e-01
8.054970474261506919e-01
5.666730380303824921e-01
7.995954102719809997e-01
8.546810050081985466e-01
1.123881167068370157e+00
9.940901068722455269e-01
7.954766778662837323e-01
6.135397055561350177e-01
7.761680778365938060e-01
8.843500989281277702e-01
5.172670311890964490e-01
5.968133535724705618e-01
8.560324024212834226e-01
7.001279308280703439e-01
8.432284727687794357e-01
8.503217123324874338e-01
6.054850505496551794e-01
5.289470961181034214e-01
8.889758237285086961e-01
8.679635058984548346e-01
6.260178837017597031e-01
6.751842775536538444e-01
4.918003085024767462e-01
9.882058871123740040e-01
