3.541421978786431612e+00
3.652772061416448057e+00
3.653008450601860524e+00
3.751643205366470557e+00
3.578639436642773841e+00
3.581700692754433035e+00
3.669320687271361070e+00
3.805465156826095541e+00
4.058784892734694338e+00
3.570600847975210712e+00
3.676020772893075161e+00
3.670668108460294565e+00
3.585984735627259834e+00
3.587842475468124182e+00
3.476083411728657424e+00
3.604353334087699423e+00
3.587929006740504523e+00
3.722465963093553043e+00
3.535638832793190023e+00
3.484220905724872086e+00
3.606246349211152502e+00
3.609762936016333246e+00
3.642220784878218875e+00
3.537010154947050733e+00
3.712513384423455243e+00
3.579623153538651792e+00
3.581668241540049369e+00
3.420106600421778609e+00
3.608521499134026644e+00
3.700357361911090770e+00
3.400107961754462060e+00
3.519202578469316389e+00
3.732009543934499796e+00
3.668796805087666701e+00
3.556966450506918509e+00
3.605713293623753479e+00
3.406788034238616092e+00
3.673933784876114217e+00
3.555228212159561529e+00
3.538037538187117192e+00
3.432382860622757548e+00
3.689140016712913805e+00
3.490421112911717749e+00
3.624549471612347862e+00
3.652447999818910773e+00
3.674419232926503742e+00
3.872001463988955283e+00
3.537084799381260858e+00
3.505681243239418432e+00
3.590049780887407227e+00
3.547413010560527269e+00
3.601944963477714534e+00
3.795246488829781217e+00
3.552879532818636665e+00
3.747998064539219243e+00
3.734392379035496035e+00
3.887792494048812664e+00
3.656909208505066289e+00
3.618077207167838871e+00
3.590834789210812783e+00
3.551191202603944053e+00
3.655010452291540979e+00
3.612086054448639505e+00
3.567371729598827201e+00
3.633478199543486387e+00
3.640565782387743532e+00
3.653535192908975660e+00
3.828139171215644065e+00
3.695201205723817939e+00
3.661217059522777539e+00
3.706313531422295693e+00
3.714558960698553403e+00
3.465145189205384835e+00
3.612888576513152206e+00
3.629478154617426178e+00
3.633111189037760091e+00
3.723098619901060946e+00
3.734332432581666694e+00
3.690466654822548875e+00
3.703546686774996655e+00
3.507250284101316229e+00
3.502813367896341568e+00
3.528565387540474774e+00
3.577248292845292443e+00
3.512998815341048964e+00
3.402006347592480218e+00
3.391261603410117065e+00
3.631262730820835838e+00
3.463017669430412671e+00
3.495965548168815218e+00
3.304584028927035178e+00
3.577912471873926581e+00
3.487026543440876036e+00
3.663662690558803892e+00
3.667660723366193753e+00
3.547681972295898767e+00
3.534287598641893346e+00
3.522159066374733527e+00
3.717800097460575159e+00
3.676678022183228034e+00
