1.013801034574661086e+00
5.936775399034892597e-01
9.173255069131189821e-01
6.788748327612891265e-01
5.486436116901958204e-01
8.894505747671683782e-01
1.090422442141970594e+00
1.105894814809667226e+00
7.097698283798158370e-01
9.076513867571052163e-01
9.581622886006402329e-01
1.652683364642332009e+00
1.123614582125475270e+00
1.131592156179690445e+00
1.039870491455020307e+00
1.136549936716666487e+00
9.068759055811614900e-01
1.139473193294968434e+00
9.027837349892854357e-01
1.076256568834518701e+00
9.947429579585675974e-01
1.491796027735126096e+00
1.092290643026136099e+00
8.075201041921145073e-01
8.617555222823098937e-01
5.772536401485707236e-01
8.552188617025926476e-01
7.147893487560702530e-01
6.776497111290699094e-01
1.199407988246990131e+00
8.261870767361970680e-01
1.036866097358175809e+00
7.916542803016858310e-01
1.146778897431605548e+00
1.013141225254258870e+00
8.930148336079030136e-01
1.150879806722840071e+00
6.076165729029369134e-01
8.389994819421783268e-01
1.025064175601150485e+00
1.148856797634142168e+00
1.017762370319747811e+00
1.004731598055835340e+00
9.534543100554432327e-01
1.089380177676013473e+00
1.014439850986937230e+00
1.283093445578723291e+00
6.405604694276320066e-01
7.420534260732064569e-01
4.649996277017321988e-01
9.289615852235068028e-01
7.514875816074537695e-01
8.863229474879654735e-01
7.263375631591860726e-01
9.134565674227355103e-01
7.302420408321024237e-01
8.448988441089337886e-01
1.070646469879974472e+00
9.143372560286732176e-01
7.379001004384688756e-01
9.365219582111904417e-01
1.031586450951071710e+00
8.825033553095680272e-01
8.994423396063381260e-01
1.029522747041179187e+00
1.128326618243244539e+00
5.800324112984925895e-01
1.139448358093289704e+00
8.744369231481907700e-01
1.673535148392667038e+00
8.532519560714042495e-01
9.078768315456189342e-01
9.037999341393755381e-01
8.664831110720221385e-01
7.386614947015481825e-01
1.675897179148765792e+00
8.959760248887621570e-01
1.334198097614715417e+00
1.128973917620748724e+00
1.046979502125524819e+00
1.452566809060764408e+00
9.823359563645216452e-01
7.223622829263418588e-01
9.812320324013373840e-01
9.272441256077478267e-01
7.577390657295853815e-01
1.027484419015025185e+00
1.152401458055262395e+00
1.453382099248104353e+00
9.968044353206935160e-01
7.044559112611886720e-01
7.972328177477953082e-01
9.502797061876055995e-01
1.133744932163197383e+00
8.485351704056297573e-01
9.639764125998319111e-01
1.220978019289891359e+00
1.581593479765815324e+00
8.996169320323204044e-01
8.167211493086166119e-01
