1.420715560184699466e+00
1.527953466429604168e+00
1.525804168266862826e+00
1.430405209125084953e+00
1.467938394950081271e+00
1.471118540889385207e+00
1.449618860376570284e+00
1.378134331776236676e+00
1.403471097879961160e+00
1.320874144275220319e+00
1.501716353837256213e+00
1.526007493800480619e+00
1.538037048633562387e+00
1.469524535456665948e+00
1.632115806235376887e+00
1.411003585878281008e+00
1.489962150719552181e+00
1.462179590097328230e+00
1.515360465097724374e+00
1.474218709453389176e+00
1.552325690153546489e+00
1.435679753794086411e+00
1.459910723936447274e+00
1.498685216923117958e+00
1.484327930120115546e+00
1.490333612200356983e+00
1.618818422245514421e+00
1.737017242021717145e+00
1.572556543394449058e+00
1.736431240332411141e+00
1.613023244930906097e+00
1.593604089015989267e+00
1.642419364777592650e+00
1.641546658403938208e+00
1.551510309548024047e+00
1.637174106797123496e+00
1.636198257102259301e+00
1.598126137135314151e+00
1.689313209803367632e+00
1.762403831831491630e+00
1.720119136664323367e+00
1.679179617170936334e+00
1.669281888768747946e+00
1.598305031193935744e+00
1.607240506611590458e+00
1.626881214580163215e+00
1.768163824468372169e+00
1.692325295455935130e+00
1.592916341894922372e+00
1.658666430094184241e+00
1.625353770358983097e+00
1.696093573428277157e+00
1.720530064232413059e+00
1.708267849607751909e+00
1.643689330891767497e+00
1.576372561243783998e+00
1.495917917668621921e+00
1.517276953021679864e+00
1.474054240780924951e+00
1.446362677949348585e+00
1.609189589704478562e+00
1.618289157888405327e+00
1.653495244840288647e+00
1.609870390820252295e+00
1.664612067309144239e+00
1.561428877414352545e+00
1.602292041012933543e+00
1.651616604287707624e+00
1.656851918295072945e+00
1.635283698558991583e+00
1.723314336578714467e+00
1.695389902698247075e+00
1.612593834672426230e+00
1.606840474944288166e+00
1.486367811084270851e+00
1.698542650491616568e+00
1.516279665583135872e+00
1.449674087743167528e+00
1.526770489270551812e+00
1.657317428200107301e+00
1.576104166788646399e+00
1.615242426193032266e+00
1.626249671800876762e+00
1.832035436649633864e+00
1.616307514331818629e+00
1.664406870355302326e+00
1.624537654092804262e+00
1.639003063263345883e+00
1.717054044995107498e+00
1.721582657837102071e+00
1.764317052542381470e+00
1.741600237372695981e+00
1.918544895265586581e+00
1.798945654670547789e+00
1.724491884183769086e+00
1.761082346330729242e+00
1.701135783131823009e+00
1.711527543785516636e+00
1.744698992578276764e+00
1.792865198770541735e+00
