3.549340290307979817e+00
3.692554808152748169e+00
3.607860909141586969e+00
3.614523536631639278e+00
3.635486199402845564e+00
3.875151351727149862e+00
3.486024472375640837e+00
3.679774721820342709e+00
3.746309307797540011e+00
3.864469309668787211e+00
3.517002770493319108e+00
3.541826416861009186e+00
3.635751609308801147e+00
3.639355175445396107e+00
3.574768766988972946e+00
3.564089893836203338e+00
3.558178083641958089e+00
3.455135815463719506e+00
3.607614129620875687e+00
3.623568143381289630e+00
3.323289325192168242e+00
3.629987986585674786e+00
3.586572812684071021e+00
3.768889775333010395e+00
3.532076790267108635e+00
3.652103149012681182e+00
3.435866992825216570e+00
3.552078445161668707e+00
3.822332999861860703e+00
3.635061428815729911e+00
3.485151354396756496e+00
3.782959172919159840e+00
3.669941386652711302e+00
3.469636412351079446e+00
3.311757553880637417e+00
3.575107781228691550e+00
3.511666939160888568e+00
3.511195448252164120e+00
3.827585436332989755e+00
3.575569916934655534e+00
3.576014468491336640e+00
3.568026492632430990e+00
3.653738511568664915e+00
3.868062995310835639e+00
3.890867228851450754e+00
3.700311487198503890e+00
3.696112347237757501e+00
3.602898726091039894e+00
3.736146500814898630e+00
3.686212777639786609e+00
3.792979258262072051e+00
3.761861377118757233e+00
3.738451926373264289e+00
3.464395103354823036e+00
3.700799726722328931e+00
3.634550809440140196e+00
3.689743876726779170e+00
3.673630353262145487e+00
3.638409811202572897e+00
3.529995068474872877e+00
3.794209811219273920e+00
3.632083286139658806e+00
3.539991476436399331e+00
3.592096055302785640e+00
3.517891865041617994e+00
3.685772631929133958e+00
3.852662084624591810e+00
3.516217922211222646e+00
3.728206477626728521e+00
3.601547495057003889e+00
3.680606760233593011e+00
3.532053951184375151e+00
3.757938587582093870e+00
3.668805710677358611e+00
3.564615329377914144e+00
3.898718773869850107e+00
3.591326250314342161e+00
3.631337125255818421e+00
3.593745583548719313e+00
3.619629443938549240e+00
3.570736826346252002e+00
3.652034259612933820e+00
3.929415757889128891e+00
3.743684315462916246e+00
3.743877215113518453e+00
3.755975585517944637e+00
3.609794720449486238e+00
3.572688886320168677e+00
3.498021112249271258e+00
3.646117014247334254e+00
3.669675942134947633e+00
3.683093418473554426e+00
3.713969499973113653e+00
3.551922989901300731e+00
3.645922618068383247e+00
3.674875238764686802e+00
3.567824232344149582e+00
3.513914708167699352e+00
3.590023814343614728e+00
3.591660777730083076e+00
