1.495665583628948747e+00
1.130182796597299477e+00
1.427563459273127000e+00
1.461720135838665779e+00
1.463416986171037548e+00
1.319993747152225394e+00
1.444706511215156919e+00
1.235957710075747951e+00
1.199681017890225743e+00
1.029735206114507751e+00
1.380907156128613700e+00
1.679760930103279870e+00
1.390612928315799746e+00
1.053949746703832346e+00
1.235269677054430471e+00
1.544193880296408139e+00
1.598005642545115235e+00
1.516695228384460803e+00
1.241800739910502216e+00
1.417683439883512531e+00
1.734135860522057371e+00
1.883344934432422679e+00
1.887478098723237130e+00
1.578915612777473720e+00
1.431538579337555461e+00
1.775341767493066270e+00
1.590792392234878339e+00
1.472742915045178069e+00
1.414991798681778823e+00
1.453835944088149423e+00
1.617739531717385049e+00
1.582401880728752541e+00
1.022707136766890956e+00
1.533727539484516234e+00
1.230423917984613702e+00
1.599840671324426644e+00
1.738949461293682663e+00
1.344976303916957105e+00
1.158702587342198109e+00
1.211639032627485513e+00
1.310756566563569869e+00
1.547339266085759446e+00
1.288912969209365933e+00
1.234348074956972630e+00
1.046209321746029985e+00
1.123793184346902008e+00
6.811049094453272001e-01
1.215012572550756786e+00
1.203298588440933070e+00
1.373307540315496400e+00
1.370259288417821075e+00
2.063900685694705750e+00
9.934473958382827874e-01
1.146119103214055635e+00
1.187709351332462804e+00
1.067996000749119379e+00
1.006653894062268240e+00
1.054584596778505912e+00
7.553619380703739949e-01
1.259303720377040525e+00
1.768289244987109710e+00
8.463541825989147060e-01
1.071922829787232967e+00
9.978278257024411069e-01
1.417802331501045288e+00
7.550136061564917123e-01
9.154345349169717982e-01
1.104081158423786624e+00
1.394021425679982995e+00
1.160514738923953182e+00
6.181245403758944823e-01
1.149766223637515239e+00
9.663137324647999016e-01
7.422254488109288895e-01
1.046105427868931459e+00
1.424701680270034521e+00
1.214727143922651020e+00
1.041647716223170539e+00
9.742769391766153975e-01
7.500463777091962436e-01
8.172773812985260067e-01
8.805357232570779624e-01
9.091195420111731762e-01
9.476585966433386243e-01
1.018357011630577791e+00
1.280952472585558555e+00
6.451580351188886953e-01
9.597440680566732274e-01
1.321646709340839276e+00
7.631470948390151054e-01
1.025810605433522538e+00
1.092649385013117147e+00
9.851173752853290555e-01
9.908148422119111842e-01
1.839308612290753153e+00
8.179859496858173928e-01
9.731327292585454369e-01
2.019351031600067792e+00
9.155725228736746324e-01
1.636693077390974915e+00
