6.038847518800687375e-01
6.401301371360466064e-01
5.422700227072236867e-01
8.419031263646670205e-01
9.428736324990856232e-01
1.032531904575565207e+00
7.130618096536036621e-01
5.216045459539928597e-01
5.153220092305326183e-01
4.839226341631067130e-01
5.292461680249334055e-01
5.060199968200622678e-01
6.537285981377283228e-01
6.280849496415314981e-01
5.229420156090007765e-01
6.289197208143457729e-01
9.786429657646829039e-01
7.537231614632436960e-01
5.348771154586697829e-01
4.745611648159739349e-01
1.125698721987113515e+00
8.238377274367522096e-01
8.298332650643363007e-01
9.434852565049632878e-01
4.657801383859740962e-01
2.512312794172929520e-01
6.073330795493293577e-01
5.208166483217242515e-01
4.064712736288590422e-01
4.199800560157139762e-01
7.159882556064286474e-01
5.660256400218094397e-01
8.120548758202291717e-01
6.429709291830495443e-01
6.927674599372004582e-01
4.576147546323248716e-01
4.197376898738172657e-01
5.848729535012269221e-01
7.830264292511708302e-01
2.794239962595219673e-01
6.503662751783069185e-01
5.297671015781844073e-01
7.032520930550498761e-01
4.039437984848973096e-01
4.917477237053940464e-01
7.411240226044512047e-01
3.911396794813842281e-01
1.112778017144911979e+00
9.203939285471163245e-01
1.210065563544671097e+00
1.027659045660317849e+00
9.358354041424737924e-01
9.416526261698685563e-01
1.301099620612703678e+00
1.059262329002534475e+00
9.215490641763112167e-01
9.167766872110530985e-01
1.046975436970928985e+00
1.030429613773369502e+00
1.072496524115646999e+00
1.143514998247662895e+00
1.450696091713493230e+00
8.934249425125146971e-01
1.110378852562193819e+00
8.436612603588148351e-01
1.033585976205725565e+00
1.104524028681545866e+00
1.473898398379853703e+00
1.173779572147567896e+00
1.149430833738328328e+00
1.308870515164436865e+00
1.261664097528070405e+00
1.038286126819903732e+00
8.830978653552820079e-01
1.245201137739051278e+00
1.243973639040928392e+00
1.520775019851470233e+00
1.227483718506793275e+00
8.388811709023036300e-01
1.363813608523886334e+00
9.731581996004700086e-01
9.497067747917891101e-01
1.328719350754350659e+00
9.637737880767074383e-01
1.284828790079838967e+00
1.077498416224641042e+00
9.872479465572838730e-01
1.154369127427809838e+00
1.280301319759907575e+00
1.108172279351174128e+00
1.084620995561630163e+00
8.664460184615989657e-01
1.295933448024856105e+00
9.987223085574935544e-01
8.414843199644269633e-01
1.025569043591823881e+00
1.116679456922323066e+00
8.684642565191700303e-01
9.985005107238892341e-01
9.706467951118444848e-01
