1.528572868123557749e+00
1.507353308743609954e+00
1.619371823750737072e+00
1.642569318411284840e+00
1.853665279203117189e+00
1.655219915217435611e+00
1.762903539258145358e+00
1.643340458265275084e+00
1.608827075927202754e+00
1.709483924917151620e+00
1.716079563174856215e+00
1.580439037050313633e+00
1.550255994847643537e+00
1.517379800999510531e+00
1.519991740014117854e+00
1.546937002664859673e+00
1.622781736885765325e+00
1.636796876783533250e+00
1.682385094349925891e+00
1.703008425308711438e+00
1.618909152400589635e+00
1.647268599454490667e+00
1.624677817798591217e+00
1.650487602752404470e+00
1.587355033716848274e+00
1.543614825216881981e+00
1.648198457605581257e+00
1.505263226382065556e+00
1.500798075867106673e+00
1.546801449600193390e+00
1.595292865840817864e+00
1.645409354767352506e+00
1.621130393829341321e+00
1.677663699839668121e+00
1.696051438775036058e+00
1.627927239197703324e+00
1.730163701999461123e+00
1.784368532084751324e+00
1.746122630820063693e+00
1.745808721924697160e+00
1.714734154759083973e+00
1.787429527311596988e+00
1.682591478738495683e+00
1.613438017370169675e+00
1.504514218316604701e+00
1.630069476338240397e+00
1.565003837551233845e+00
1.530017325552645246e+00
1.478601470536512252e+00
1.576511075149086283e+00
1.676846063388938157e+00
1.673357501343921694e+00
1.695699782203998973e+00
1.543210296256949832e+00
1.599039558426000873e+00
1.594206448765101536e+00
1.655067522496586507e+00
1.594302933021020108e+00
1.542751052317530513e+00
1.557177782874229477e+00
1.715216701984389136e+00
1.520244672082671666e+00
1.525737049227264164e+00
1.514885284759989181e+00
1.567464892768615670e+00
1.729047726582485733e+00
1.567599700449051614e+00
1.594151946040460954e+00
1.444112956313939655e+00
1.557958438076549434e+00
1.736052109485090034e+00
1.568707906214576786e+00
1.601585565202829020e+00
1.613692141936372337e+00
1.617711771642418750e+00
1.618481260761847729e+00
1.648957578953398562e+00
1.634863148232236885e+00
1.529885304140047309e+00
1.607478076581835946e+00
1.535158940430567664e+00
1.602512816758603797e+00
1.476641147020800737e+00
1.730699189548477790e+00
1.692750088792289054e+00
1.658042173134789410e+00
1.561920105624216681e+00
1.788096760294465293e+00
1.635400617908584930e+00
1.851871628681194482e+00
1.969055185403955521e+00
1.679821732764758657e+00
1.673024961686260248e+00
1.608850926719566532e+00
1.639178609356994443e+00
1.739858330564867384e+00
1.559733540212837166e+00
1.636617810826413999e+00
1.682813614541364799e+00
1.753941946353968717e+00
