3.604124661392082984e+00
3.658921943053481840e+00
3.696237717750141094e+00
3.538531140401257602e+00
3.853500427543466778e+00
3.834175346641803372e+00
3.735506277488197746e+00
3.961769625603079881e+00
3.789681741578596164e+00
3.669792299763006138e+00
3.801277157136977447e+00
3.830768384755625977e+00
3.725878664952197550e+00
3.548063075459895632e+00
3.646706677225520110e+00
3.533184857639144028e+00
3.695267998164796897e+00
3.733914505006256768e+00
3.928312853662509596e+00
3.588753934197654871e+00
3.809306559204174825e+00
3.837860193663498176e+00
3.665997942360359474e+00
3.699260770702023748e+00
3.647360118722909217e+00
3.645576349210263967e+00
3.919549690375524253e+00
3.751487647028721728e+00
3.568648957664846577e+00
3.909365340956910462e+00
3.484266341573907688e+00
3.638454417680916375e+00
3.765063686743897797e+00
3.727405447098357971e+00
3.754264123710870038e+00
3.706759244874176407e+00
3.660899776965179875e+00
3.604479995521679747e+00
3.517661542098172944e+00
3.479787842619350258e+00
3.704234774205652059e+00
3.599697363943845652e+00
3.621452073391236315e+00
3.587610389048803583e+00
3.773120317709360183e+00
3.646755515742403642e+00
3.774796571873606066e+00
3.663177328948032940e+00
3.531995076101341002e+00
3.410081080941314902e+00
3.588174040649624530e+00
3.829634909988762104e+00
3.510984408029394821e+00
3.558264406894195542e+00
3.641113859895396931e+00
3.692400868671906533e+00
3.542704861128131100e+00
3.657778046868533917e+00
3.702950803796820178e+00
3.739077684341958641e+00
3.631031778939517896e+00
3.584091257722578749e+00
3.754731346918620538e+00
3.716431307628642600e+00
3.637873507727936495e+00
3.448196545137430569e+00
3.797481980767360987e+00
3.532927955268950537e+00
3.466894616050203659e+00
3.783132617198726955e+00
3.462897538444826839e+00
3.504071926662756464e+00
3.592208892653008245e+00
3.541808859315775937e+00
3.626310869065837661e+00
3.736097785452415998e+00
3.635240905627111552e+00
3.630596563881448802e+00
3.486865671315738435e+00
3.514193335631843329e+00
3.542984599684966707e+00
4.049767186491709303e+00
3.783163557220304174e+00
3.500717675709280829e+00
3.634356709175678102e+00
3.713003174042737164e+00
3.623953233975298893e+00
3.639114476918145602e+00
3.622870124862767938e+00
3.751530903445584819e+00
3.552775229514876898e+00
3.590484305430219791e+00
3.853883762097826349e+00
3.631840068864126803e+00
3.911839836084121114e+00
3.673902864326711093e+00
3.944713137191869556e+00
3.726758097031765526e+00
3.706013423986279420e+00
3.900955302685766402e+00
