3.641325552702024959e-01
7.459950144770928215e-01
7.944060631260860816e-01
6.684657823292097234e-01
7.593218854429746312e-01
8.395664395269164526e-01
5.164383846267397438e-01
7.525418884979240275e-01
8.874196954829054462e-01
8.968869289769378916e-01
5.821441269174442157e-01
1.065956896472603610e+00
5.808851748557201100e-01
8.274101784215539546e-01
4.232071898535945675e-01
1.028082050430673133e+00
1.146808382233786006e+00
8.954242783182195797e-01
1.225817830166748390e+00
1.111420244760114695e+00
4.602324293424096546e-01
9.703701884368057806e-01
6.210399557140344751e-01
7.359472041480477067e-01
7.875173939374242593e-01
7.608076397476946084e-01
6.175667160994777749e-01
3.735271286264619239e-01
5.912875240135914146e-01
6.481806036588738662e-01
5.237735590446183087e-01
7.230223019338096746e-01
6.745662720333632789e-01
5.393802517331405255e-01
7.403956056928115981e-01
4.289090270126255655e-01
8.837347041263535763e-01
7.456419075676860020e-01
5.718272630027791958e-01
1.024115790954226002e+00
3.412796281717824787e-01
8.528986743204910459e-01
5.552987237880752103e-01
6.818326100199544326e-01
7.348558920079981682e-01
1.104148931691949276e+00
6.534241255674613225e-01
9.276947869116535239e-01
6.179136787082223359e-01
9.176431922023745580e-01
9.444392960693193118e-01
8.607753030466924749e-01
6.055856682797611246e-01
2.941136971612667295e-01
5.456117212241029524e-01
6.348623402836102159e-01
5.740787280609305210e-01
8.312544771808201283e-01
4.901410947188611367e-01
8.860082526503212375e-01
1.240404022740930090e+00
6.290204655005999790e-01
7.142842105099629357e-01
6.269866306110650767e-01
6.520762739028069799e-01
4.497509758783341804e-01
7.171956930838562227e-01
6.050735228337641436e-01
6.695088114012966996e-01
6.609902339792529391e-01
7.369165290892371045e-01
6.049440042369214066e-01
5.887469363341450990e-01
6.486263121720522440e-01
6.312670658966627046e-01
9.171701097650868384e-01
8.840458349304028962e-01
1.411208256075632272e+00
1.232322287390259508e+00
1.177101440990131920e+00
9.288517088494870899e-01
1.193941259371227304e+00
1.161606263446691267e+00
1.103262667111058359e+00
1.025232225988248924e+00
8.405490995872298976e-01
1.265122618547294353e+00
1.162306182986147185e+00
9.172735537634491010e-01
1.192362110953880894e+00
1.090596655082330502e+00
8.622759034876664730e-01
7.936411230926031513e-01
1.061071875608864401e+00
9.934506578295086987e-01
1.114308054065111131e+00
1.016586891181474162e+00
1.114242001322796938e+00
9.977682376490581984e-01
9.337688036991782514e-01
