3.490842706046892285e+00
3.496638241426225591e+00
3.564472786382932856e+00
3.696743387396334235e+00
3.565862511697766468e+00
3.693967917512535948e+00
3.613500536953082154e+00
3.494171507139038901e+00
3.634922820063672511e+00
3.557735724115276277e+00
3.564488873753606679e+00
3.571965090452199121e+00
3.462344232039212155e+00
3.882046033940020013e+00
3.502616603215118030e+00
3.485210175056371096e+00
3.568378763464862935e+00
3.643634891876244897e+00
3.703437875869762586e+00
3.515814877741076927e+00
3.637993590155820911e+00
3.718163184630434159e+00
3.552606389621510541e+00
3.623297611277976227e+00
3.493750452379999150e+00
3.657151199515081164e+00
3.732445915810110648e+00
3.567891482952949112e+00
3.556251756027183575e+00
3.485650830451807014e+00
3.558087995307328999e+00
3.642593847339042679e+00
3.513658751681141279e+00
3.551135434283212433e+00
3.517660195669587431e+00
3.419732272141671192e+00
3.543496930621087504e+00
3.518324009504491645e+00
3.494212134039190953e+00
3.690291747130810318e+00
3.539318932091710224e+00
3.731122646438161272e+00
3.466137833296539572e+00
3.829340394512103174e+00
3.479502926164897314e+00
3.671909719409168549e+00
3.603918988599762230e+00
3.642874522345184829e+00
3.532743884439318194e+00
3.662085005500789858e+00
3.742856036503598549e+00
3.742228719494285372e+00
3.578334744564362957e+00
3.573458224750767354e+00
3.788793772767175216e+00
3.487519994775251320e+00
3.469201475417317049e+00
3.563519139641526667e+00
3.667458770562098458e+00
3.580386373673150935e+00
3.492900025419623411e+00
3.827376328512046122e+00
3.619064850153534962e+00
3.612655663202894551e+00
3.648445077653884816e+00
3.514828412416774572e+00
3.592180063316400496e+00
3.570339715649037071e+00
3.403705341469440260e+00
3.596103211441166181e+00
3.680051264940265021e+00
3.655103952529152433e+00
3.622961058095925502e+00
3.681238151188941821e+00
3.605201219669305956e+00
3.550770504144125983e+00
3.702046883013709877e+00
3.372028972792400658e+00
3.740042574503781747e+00
3.607847682223258801e+00
3.638604935995141343e+00
3.682533930314177528e+00
3.567478848510515110e+00
3.752651544881313139e+00
3.540878610670946447e+00
3.702006552484520263e+00
3.554836948271564268e+00
3.524746521808815203e+00
3.644229459550268224e+00
3.697362161300675520e+00
3.543236718566368459e+00
3.639821512879002352e+00
3.630292344718814679e+00
3.586903197993366099e+00
3.574067596124113066e+00
3.616794998617762769e+00
3.817109184941145372e+00
3.732117558193453366e+00
3.640497873282745989e+00
3.598639303387403565e+00
