1.065576424830816160e+00
6.262253515942032278e-01
7.830888320633391242e-01
5.599123944405904885e-01
1.269850829172249229e+00
7.042302168346520341e-01
7.680575614145258578e-01
7.747326233758258240e-01
5.606696583895952601e-01
9.734245554759701768e-01
6.635733456514737449e-01
1.258858938247021886e+00
8.914436062146978701e-01
1.019433952743287408e+00
1.062470100762768377e+00
8.351730075436846201e-01
6.020388614067218036e-01
9.725092815658101797e-01
4.652391863617625911e-01
1.012926788694126223e+00
9.763517871097470158e-01
1.087797255398149865e+00
1.107282196856805179e+00
1.324892372696873100e+00
1.127236556292458003e+00
9.999058103515526819e-01
9.065803701038698259e-01
1.196588803515612032e+00
1.106929923161693363e+00
1.143623771062855621e+00
1.035115575994663306e+00
1.026608184240147104e+00
1.254432360895621157e+00
1.019716424094785134e+00
7.147240961854059993e-01
1.032123405346179412e+00
8.374869836932524736e-01
6.061516899692873661e-01
9.703707831280994345e-01
1.052589022166978250e+00
7.857188305767103254e-01
7.587769090557557883e-01
1.220871079339713283e+00
6.319556227296255768e-01
8.716747999118579227e-01
1.223825345872026293e+00
1.308822953967484048e+00
1.179216883361562385e+00
7.826505943744161975e-01
1.393179490473237969e+00
1.053629327375425362e+00
6.468283057343851006e-01
1.106394517298765034e+00
6.236912239175250727e-01
7.935628089950244046e-01
1.077930608110490684e+00
5.469859542486011916e-01
7.934057611683882349e-01
7.211846851499212896e-01
4.927075302822079839e-01
8.629750831972550218e-01
9.092180848927213788e-01
6.207436998982523990e-01
7.224202274140526514e-01
7.004029951225630990e-01
7.838690484225887545e-01
7.931985548470789071e-01
7.160040490515583445e-01
6.662647733503270775e-01
6.601366978299171295e-01
4.594555270189685237e-01
5.797954898268250501e-01
1.118496375944979304e+00
7.802772973983703730e-01
9.915427620189781743e-01
8.776588260119124740e-01
9.609726583262355737e-01
8.132564722380409838e-01
8.556223465078794943e-01
5.781748248175750948e-01
9.346909141378034747e-01
6.395297708856537700e-01
5.130099535432673941e-01
1.067747934829704759e+00
7.869698871061464596e-01
7.453333508445145750e-01
9.727425310587632934e-01
9.067940369060475403e-01
8.343343640548916973e-01
7.057276072406785117e-01
5.952979083768232815e-01
1.045916399201610947e+00
8.888384810136373826e-01
1.052933407496908558e+00
8.775767226683348632e-01
6.490440665162306999e-01
6.942984650144986558e-01
1.174101836184436642e+00
8.883030760069909881e-01
4.381389565805514086e-01
