6.651946361411530395e-01
1.065895472968444002e+00
1.116451156188921212e+00
1.043124104436938593e+00
1.168785248588790182e+00
1.179526557842710544e+00
1.817187408869971987e+00
1.285594841664070342e+00
9.585794565208012319e-01
1.080057860393602853e+00
8.441773279339154223e-01
1.478073243064809139e+00
1.090153545882364128e+00
1.336034463555406671e+00
1.721027616144154226e+00
1.384667948810410776e+00
2.328617202594748026e+00
2.275605357245346738e+00
1.433867895223567501e+00
8.848098005635113283e-01
1.148865311729836192e+00
1.588637676891744510e+00
1.221533014523105365e+00
8.971479106770727796e-01
7.691711791536770537e-01
9.308985542778105415e-01
9.440682249771247259e-01
1.109949732454870386e+00
8.942826411835362865e-01
7.981365875945176658e-01
8.719622083367166709e-01
1.268524407526490982e+00
9.255981354596479749e-01
1.183086535390953431e+00
9.968133328868997722e-01
1.327680256815438220e+00
8.412226659980516219e-01
1.358975746124741812e+00
1.642679897290298729e+00
1.451630923218778291e+00
1.033491654209452326e+00
1.244046093754167526e+00
7.761850328785128150e-01
5.381066234887925681e-01
5.864844877964462411e-01
7.664131988117793837e-01
8.859755539622182763e-01
4.631773079523723302e-01
1.261413327948768703e+00
9.754313431876272533e-01
1.061921230626405643e+00
8.684007079144095975e-01
9.950276479028137278e-01
6.262875591941146070e-01
1.287263494959871135e+00
1.080627467962964383e+00
1.187977658064429676e+00
9.418538026041579636e-01
1.083499954134700127e+00
8.875194160505360808e-01
6.976588879131022658e-01
8.589499279191120662e-01
1.341258186610098768e+00
8.269658600499325551e-01
6.707980925008597550e-01
6.857259667367622269e-01
1.288933907225834563e+00
7.162659884968367585e-01
9.842065766396310700e-01
1.630666750599214065e+00
1.258276977064077373e+00
6.826976043368245817e-01
7.544557394211870438e-01
9.597196633551856593e-01
7.906116327967463997e-01
9.252754965062667258e-01
1.015256870577647019e+00
1.275892517115880365e+00
1.189459926746053942e+00
9.997662326892402529e-01
1.146501158974589929e+00
1.007017992894722269e+00
8.953641749310539133e-01
8.624701857916601266e-01
1.328039670385261717e+00
8.502995202393112129e-01
1.110655668027824561e+00
8.531203951435626376e-01
8.480202384853319231e-01
9.734091595169679367e-01
1.376786143341206969e+00
7.671745968822542006e-01
8.135009710812112216e-01
1.006774662812378596e+00
1.289699117675726203e+00
8.268555351187334423e-01
9.007976458061985880e-01
1.026165149883547789e+00
1.170125174604198293e+00
1.133591204407611741e+00
