3.632666535278725295e+00
3.838670296182747688e+00
3.670892025939783920e+00
3.633885331714445499e+00
3.644170680576965360e+00
3.629481467295960773e+00
3.869369822987370089e+00
3.541555823957827531e+00
3.657006405262550164e+00
3.606349783748324711e+00
3.579516094385263081e+00
3.476660393252662740e+00
3.628857694995299088e+00
3.548436365880709431e+00
3.469238994467632065e+00
3.760662897662819582e+00
3.788336927794260234e+00
3.468239941741172672e+00
3.663735360772219174e+00
3.644353449180052440e+00
3.642626597591554827e+00
3.490251424234089406e+00
3.756516492017971665e+00
3.653536629208421260e+00
3.595117587365957768e+00
3.704744175882648705e+00
3.597842886011092034e+00
3.475195416080127053e+00
3.490980030859420324e+00
3.829545145437943443e+00
3.525217207472401082e+00
3.743053033071013669e+00
3.723905406350815461e+00
3.805699719869129805e+00
3.488803317228502898e+00
3.625307069973560559e+00
3.880284371293361012e+00
3.588565734927365192e+00
3.477987819740288256e+00
3.579354753807598488e+00
3.467917632166131359e+00
3.584687549165378240e+00
3.626882658252806646e+00
3.663326802189896814e+00
3.637019178775176442e+00
3.780543468597505896e+00
3.605693280576951043e+00
3.718063835842461806e+00
3.714853523699995552e+00
3.546697890167849643e+00
3.609480547550775409e+00
3.560962633615970319e+00
3.805108292577803031e+00
3.550145455644732717e+00
3.596750555747867395e+00
3.621442373092960576e+00
3.631074723965193929e+00
3.638572861571555350e+00
3.540651706197365467e+00
3.561957028131743641e+00
3.528734520297181376e+00
3.621729801528484671e+00
3.698015835468453805e+00
3.415602018702881715e+00
3.558446392973229955e+00
3.781067750996852439e+00
3.562810828220949411e+00
3.607397096509025403e+00
3.527543904786244244e+00
3.678037597015230364e+00
3.489020400478935358e+00
3.508668110482058289e+00
3.534402394010814685e+00
3.738795976485348671e+00
3.564453740934855563e+00
3.758263831465091798e+00
3.635907353832494415e+00
3.605286784627188545e+00
3.582361430042030115e+00
3.578366461713530011e+00
3.545022497563141251e+00
3.687423723020107680e+00
3.692788968847163567e+00
3.727930124539725387e+00
3.516669028660708740e+00
3.720055101666861930e+00
3.623400027242726917e+00
3.740455855233804083e+00
3.620812147835283934e+00
3.659553723948976600e+00
3.776297217671495066e+00
3.645449276239209446e+00
3.556650472454744971e+00
3.682478788959049343e+00
3.983415243810796369e+00
3.611567996986768669e+00
3.781845261849702045e+00
3.638103613349517929e+00
3.752375386238889110e+00
3.339898176519444206e+00
