3.495002529094560106e+00
3.621834596283639129e+00
3.780814975614308349e+00
3.647201655628454109e+00
3.552354656711028458e+00
3.756685704392780156e+00
3.469947535192348997e+00
3.576397568247569936e+00
3.488696789204237536e+00
3.572706686280685329e+00
3.516086174675157050e+00
3.504185437883796439e+00
3.723720364359045742e+00
3.620750177250684043e+00
3.445649018260168006e+00
3.615319648802447272e+00
3.646474000381983771e+00
3.639448763951950827e+00
3.605847671940050514e+00
3.640484896813473092e+00
3.524664335989445618e+00
3.446607886901956519e+00
3.564126229255744516e+00
3.592486942687780349e+00
3.609813711970715655e+00
3.635298043939546364e+00
3.529656170766397150e+00
3.518459950320135032e+00
3.497275485014934127e+00
3.482623420999551023e+00
3.512465209265915433e+00
3.479084563839194733e+00
3.552625772136177140e+00
3.503028070832668650e+00
3.614403210106741149e+00
3.437159507412618442e+00
3.540334913875255118e+00
3.727707361075964343e+00
3.431499146593453897e+00
3.609622319491289755e+00
3.623645413275112137e+00
3.648840100061191638e+00
3.673986468172560915e+00
3.566519135557337794e+00
3.596758015202242920e+00
3.322538844002995706e+00
3.464991616294089916e+00
3.637249233358651690e+00
3.655633447702646865e+00
3.460478070508969495e+00
3.469484399029202137e+00
3.525357625019293728e+00
3.583208829209083124e+00
3.374698016013038426e+00
3.685288612897045901e+00
3.577972092925607583e+00
3.635323168549682293e+00
3.599648598665986299e+00
3.591861074039879753e+00
3.499367436041284307e+00
3.547934659620564979e+00
3.464219002354748778e+00
3.543791424434543202e+00
3.569098164875816437e+00
3.655694621935172250e+00
3.537625615289045289e+00
3.619366516810871293e+00
3.740291374258418955e+00
3.615029386147357915e+00
3.596182534706292788e+00
3.527705623854389128e+00
3.677025335655785820e+00
3.389486213724845154e+00
3.476214366830893354e+00
3.457881819790595390e+00
3.645831959437479508e+00
3.555700724902277177e+00
3.464239782126043554e+00
3.441491999165958493e+00
3.487193161122530416e+00
3.552029132469156636e+00
3.685545780350338418e+00
3.696327929871830786e+00
3.436537639544439582e+00
3.639031715656275701e+00
3.538063545535858889e+00
3.554589131000722269e+00
3.613372862231794880e+00
3.555799129753522525e+00
3.528956824675360426e+00
3.829884583711571810e+00
3.565908544753408904e+00
3.554019411622789892e+00
3.578197972115586101e+00
3.582484020918892398e+00
3.619398271036819992e+00
3.667470090391486526e+00
3.349917098218292200e+00
3.555784417091399252e+00
3.424726399565318768e+00
