1.593197034430788417e+00
1.551858751276244952e+00
1.651459543362171489e+00
1.476345545787313807e+00
1.588471765986505968e+00
1.619872003513694425e+00
1.553986443443036158e+00
1.463544076428682450e+00
1.568013100795119907e+00
1.688263499211210217e+00
1.691145782839602374e+00
1.665831747621473014e+00
1.576280146903498158e+00
1.751717318782284538e+00
1.600675834119053897e+00
1.683427381167860837e+00
1.583282760350376073e+00
1.745244620615210129e+00
1.755805580821197420e+00
1.735696751736938159e+00
1.784112358623999084e+00
1.837053049958694118e+00
1.921874981258474557e+00
1.904778333201458951e+00
1.964562134285263273e+00
1.883416210632393284e+00
1.839267984889062957e+00
1.879791992083389207e+00
1.810500911789530099e+00
1.802912165520159649e+00
1.806604935532801770e+00
1.910971203080792380e+00
1.914169522250983357e+00
1.895576216988461349e+00
1.697779341827358346e+00
1.715089311998367450e+00
1.896295523484098577e+00
1.791799187294955908e+00
1.720555920470016043e+00
1.574708254142515917e+00
1.686184552095424838e+00
1.640750312955125967e+00
1.527295651879426064e+00
1.503681571699502451e+00
1.584529641905149777e+00
1.675603432700514706e+00
1.502267899315797184e+00
1.601109740794963487e+00
1.521937853167704136e+00
1.520927375069760723e+00
1.636989979684749352e+00
1.646723272293949103e+00
1.375943444881607691e+00
1.543669577124712200e+00
1.440870901023000972e+00
1.532782853942544321e+00
1.556502769750474968e+00
1.518563983069088241e+00
1.592933448059415724e+00
1.487899555906662563e+00
1.558937694668830698e+00
1.520843548624660757e+00
1.523307683437966631e+00
1.584521929451040423e+00
1.523393641034458179e+00
1.484249200966847315e+00
1.554944906033855823e+00
1.514967596565752528e+00
1.620549019779879973e+00
1.484668535447012161e+00
1.553094450922090974e+00
1.518739088052467601e+00
1.485785119417758704e+00
1.497492479794534370e+00
1.553690578452361137e+00
1.535563704615805047e+00
1.523613825147943190e+00
1.511687609718285419e+00
1.538209399529906207e+00
1.435535483944688107e+00
1.551416706911248111e+00
1.617576292847775710e+00
1.629185840393873930e+00
1.677863552976684991e+00
1.634374556552092628e+00
1.611265036933672290e+00
1.407759350525755293e+00
1.437536342927650201e+00
1.512933673607064655e+00
1.493727394441749956e+00
1.631170557919191522e+00
1.534229939718046554e+00
1.468177748953984896e+00
1.537634292459347352e+00
1.673235173286482746e+00
1.607484827957281759e+00
1.472134031617100325e+00
1.724621707257102399e+00
1.545757472444224678e+00
1.826269438811792378e+00
