6.661014541352695550e-01
6.611440922701895540e-01
5.133162110936284606e-01
5.862673884399733915e-01
7.063996490032660169e-01
8.163603377163692887e-01
6.960622779206057098e-01
4.777887309211362732e-01
7.349677940567983514e-01
6.214227592945997802e-01
5.662919916271270671e-01
7.138559946742798479e-01
4.985335072270294932e-01
3.887554637301402494e-01
1.024300826844484202e+00
3.862803893195250193e-01
9.321401500689465713e-01
8.619904138018855688e-01
5.442410321159246722e-01
6.582098151373096950e-01
8.618482312002759826e-01
5.236755527083588602e-01
7.609705265485353642e-01
1.031179720549643797e+00
1.129359877560257575e+00
6.263833926494291049e-01
9.313426201011499872e-01
7.892484733083118265e-01
9.796462308265350138e-01
6.984797878145827532e-01
7.046426455624322793e-01
8.623708487436867465e-01
5.002197178642664444e-01
7.594929252037672107e-01
4.687410854101401458e-01
9.355738709555476706e-01
7.320250223554992663e-01
7.875704560428372636e-01
7.592246764385954805e-01
5.467804711145842766e-01
4.751933895232214877e-01
7.051452690620505503e-01
7.457861937220671145e-01
5.919387284340096311e-01
6.418648483438866847e-01
7.933603852204138551e-01
7.853882734886120653e-01
5.819692998186144495e-01
5.711328544195891643e-01
7.081166927613941064e-01
4.739687123977708860e-01
6.502697503675646251e-01
7.162229247096026929e-01
8.680353814995598327e-01
7.196356337561187200e-01
6.142190428578978567e-01
7.580748153614640383e-01
1.046907937821746071e+00
1.018269149975012500e+00
5.650457350207782614e-01
5.444414025142889635e-01
7.523543805079183633e-01
6.956827218290496662e-01
5.417292741977448589e-01
5.506844249151727766e-01
7.223922483368520053e-01
8.562636325002920268e-01
9.088036191230968175e-01
7.525661455024275082e-01
1.101756462570051776e+00
7.185226634682427838e-01
3.506119358590134016e-01
9.385111691519831822e-01
8.942491907314481514e-01
6.299791943004137140e-01
1.244663044394395790e+00
6.488999559017772922e-01
8.722489130256478873e-01
6.871906286164957134e-01
1.010649075332456626e+00
8.138191737337163723e-01
6.898345714552750474e-01
7.405951446189643628e-01
7.886189008226215380e-01
7.284052598313133231e-01
6.516030972501154483e-01
5.542273408193137962e-01
8.959884663497156287e-01
7.850144329560581058e-01
8.332781716328105936e-01
1.176576958457937527e+00
1.165955283877073922e+00
9.399561209496261061e-01
7.651034158203885438e-01
1.096607340190383528e+00
5.765268595168901999e-01
1.033360440574558892e+00
7.557374957960344419e-01
8.244477177625282316e-01
7.612571306736132248e-01
