9.386338079663786305e-01
8.814186409425182056e-01
7.810213037551581028e-01
1.021847517210262568e+00
1.445285872293679663e+00
9.874661755237122973e-01
1.001880401324738878e+00
1.119397644735057984e+00
9.531244790487251040e-01
8.426512369396893520e-01
1.450499285603404243e+00
8.771700245247525674e-01
1.529948706528473812e+00
7.657708993607316161e-01
1.335545627139775426e+00
1.202050163511780179e+00
1.178802102398591067e+00
1.150407861335342563e+00
1.369911688777942560e+00
1.494615233875757010e+00
6.062302183839435310e-01
1.266939819128610756e+00
6.480665388554699424e-01
1.066517240008532541e+00
1.217429591104153053e+00
1.141947608543598891e+00
1.192272885337681831e+00
9.108430743600802737e-01
7.594259753649126310e-01
1.058464577430278331e+00
8.543725231985913604e-01
1.209587477713954362e+00
9.448050800244999214e-01
1.337769395073254541e+00
1.510495979706633518e+00
1.258602148071565674e+00
9.301454511284172888e-01
1.198836005319771747e+00
1.045496047937014339e+00
1.049940984000761190e+00
9.156822372130912768e-01
9.665320517571968084e-01
1.096211246646219939e+00
1.163334965607732086e+00
1.172693214624509928e+00
1.185050524635266056e+00
1.403012932513481026e+00
1.030883820202705747e+00
8.392384729750491656e-01
7.997974659992942437e-01
9.610555067091279824e-01
1.138077349514212244e+00
7.910993169853917095e-01
1.526625098003422387e+00
5.726063037908897257e-01
1.265345201316233625e+00
1.120039471424896682e+00
1.122931302720050262e+00
1.271418805236478322e+00
1.094002444042785793e+00
1.089820350605249955e+00
1.199424774878477207e+00
9.201874466735472380e-01
1.245371163737579501e+00
1.165408786659690055e+00
6.958493973679765743e-01
8.977781138206754052e-01
9.379560237995179239e-01
8.549941885948233455e-01
1.106144647961251559e+00
8.893487936825559270e-01
1.136615138677230297e+00
1.009722425567173065e+00
9.400833518022796431e-01
6.853588032713858746e-01
7.279741010620364161e-01
1.381678831308487343e+00
1.007436974734588375e+00
8.394289086751107742e-01
8.603576333206129911e-01
6.163204748315767034e-01
6.471182054340950396e-01
1.061847959402662411e+00
1.021867956487059192e+00
1.135152733604998465e+00
8.452626386816557424e-01
8.992815694712116281e-01
1.114422656565000613e+00
7.228678213373542771e-01
8.226609891360251448e-01
1.168038130032178934e+00
9.705615044106420397e-01
8.831793077091609767e-01
7.778039805946381779e-01
1.141467304990158915e+00
1.282703016405311702e+00
1.071116269353477257e+00
8.160191079591934127e-01
7.185779473370136339e-01
1.090277251702993278e+00
