1.480266511188081502e+00
1.507163766721726361e+00
1.583316759452058298e+00
1.602160515111459516e+00
1.632101670206118182e+00
1.568237458697410158e+00
1.584928541175523398e+00
1.599664350208340080e+00
1.697286290679459020e+00
1.654351370718440961e+00
1.763870683876338941e+00
1.595625174890003661e+00
1.766263995800390063e+00
1.560484835688844107e+00
1.648057065859252157e+00
1.620838847142629380e+00
1.712475298861227291e+00
1.671303645109659008e+00
1.727427620893556171e+00
1.797878569565543039e+00
1.702477942713108927e+00
1.803210631240927508e+00
1.851386594811321284e+00
2.035207720128471731e+00
1.896100353650929105e+00
1.945678837241695103e+00
2.114478159991859840e+00
1.991305289444998516e+00
2.027776842777735400e+00
1.892505391461653197e+00
1.825992427013161779e+00
1.911159275046312667e+00
1.824336457438490378e+00
1.902283532267638133e+00
1.841286430023281184e+00
1.797176322838231588e+00
1.778105577416539296e+00
2.093985015097926450e+00
1.862474160854249661e+00
1.911995129963928397e+00
1.839242937937549227e+00
1.862913859839756991e+00
1.760414679039840058e+00
1.821025886532400051e+00
1.801561464818121294e+00
1.770388403702476188e+00
1.766200527922356711e+00
1.700176764099484705e+00
1.629302242388637190e+00
1.561366721632028165e+00
1.585553400447539119e+00
1.733778553776893272e+00
1.729215767925162517e+00
1.816858000949327145e+00
1.770368009659488928e+00
1.924100962670541204e+00
1.772927613541497749e+00
1.854850903966214881e+00
1.917793675366664008e+00
2.023173935862231598e+00
1.925443697571022073e+00
2.112969357658184055e+00
1.904305015797775003e+00
1.999780694767711253e+00
1.878214853783662264e+00
1.894387294972210034e+00
1.646878097244900641e+00
1.717338189924016323e+00
1.685248688179706855e+00
1.676508648849445615e+00
1.838437971992274989e+00
1.905291482864011510e+00
1.855402478121573218e+00
1.857805994750811207e+00
1.873767118933720388e+00
1.770952502872725098e+00
1.834972508618562870e+00
1.818452823161838650e+00
1.789778950937846336e+00
1.798987351574402371e+00
1.885088459840474462e+00
2.008951883193975885e+00
1.880454737741072080e+00
1.897172551990549128e+00
1.839045123520882008e+00
1.791040160525261715e+00
1.863516153046386403e+00
1.834278771222869864e+00
1.812478997191080854e+00
1.810557321388126306e+00
1.892254949070715453e+00
1.927212514777100871e+00
1.952806935121014664e+00
2.012353185741881045e+00
1.884127496666653245e+00
1.940859079559433376e+00
1.848953782472832152e+00
1.917748484800007036e+00
1.770123423258019191e+00
1.845718292666932658e+00
