3.729299600556238659e+00
3.644620110961827031e+00
3.893840095998139184e+00
3.808256628912585651e+00
3.622015347699550691e+00
3.726870999083538916e+00
3.642539119112121249e+00
3.649760925113286092e+00
3.728009477876540689e+00
3.725807527359420668e+00
3.597033301549147133e+00
3.678812191472722759e+00
3.641221987912453439e+00
3.818395484474473189e+00
3.544399386779828465e+00
3.506167146322110462e+00
3.554069082465362683e+00
3.751067592987280541e+00
3.614167384348457190e+00
3.647492207756431792e+00
3.717772761865655529e+00
3.636722203030362088e+00
3.630602034331061656e+00
3.662611516676132162e+00
3.779235077542638432e+00
3.531933710614977517e+00
3.730138782509190509e+00
3.801949080191780794e+00
3.723712573931093672e+00
3.669164507076545512e+00
3.631019914377281221e+00
3.625938480771778494e+00
3.624445242948696411e+00
3.461691174117206060e+00
3.637390974942293909e+00
3.615219458553158294e+00
3.765526664015297342e+00
3.673413943643279111e+00
3.582940391657805534e+00
3.539600414875383017e+00
3.611346157207560914e+00
3.591970705335575165e+00
3.900467468962339979e+00
3.739894475392428141e+00
3.561079824518551984e+00
3.880447757456952029e+00
3.635685880528878311e+00
3.766772594077524960e+00
3.490134354558870999e+00
3.641362642211089629e+00
3.725769367546170496e+00
3.812921141487835452e+00
3.512880065614522263e+00
3.630494580987744691e+00
3.697280225450470859e+00
3.639836207172388871e+00
3.684177721077531054e+00
3.676210867825633333e+00
3.675466306154739460e+00
3.633035912304638515e+00
3.717089459063640522e+00
3.590988203745330232e+00
3.588587827810232334e+00
3.727577302425358230e+00
3.490185486034468099e+00
3.788033768450098204e+00
3.888561354553608851e+00
3.787822358805393197e+00
3.690790528720442332e+00
3.725801404093227465e+00
3.531818443807885011e+00
3.702337178659828698e+00
3.570564355832212211e+00
3.664431666744616845e+00
3.556416661519606670e+00
3.745317801688047510e+00
3.700002718363941678e+00
3.413935267374051286e+00
3.876278079440860225e+00
3.675747656742831104e+00
3.578418040716956572e+00
3.553412613814765475e+00
3.759793845611580920e+00
3.615049686885137614e+00
3.714107493935630888e+00
3.627476650183280693e+00
3.585318275935427401e+00
3.669193187330888062e+00
3.593014371807696783e+00
3.845097088677764674e+00
3.671517572075931657e+00
3.594371222230849927e+00
3.531631413408751641e+00
3.568253519396286766e+00
3.576785434789044871e+00
3.587077103002007661e+00
3.389043264794729282e+00
3.621003570764795843e+00
3.649265536804792820e+00
3.664371073862938921e+00
