8.513146890384417631e-01
6.476416329445238151e-01
1.021781120313532298e+00
1.218861258003370418e+00
8.311543077728067441e-01
1.020835574354737485e+00
7.990622377766161133e-01
1.210151277331871000e+00
1.088548333811335755e+00
8.421271863492312271e-01
9.516882123386817272e-01
1.018322626893989780e+00
7.764072694168101529e-01
8.439844615517250181e-01
1.147740677539905496e+00
1.298512005978484485e+00
8.454016004433017040e-01
8.223196797381659984e-01
1.115958255900051155e+00
1.184548544396134329e+00
1.026143573000534603e+00
1.229886731356828022e+00
9.365085007419683416e-01
8.944151384225940138e-01
7.417698301268215166e-01
8.582181896959272249e-01
8.450608775972250353e-01
1.282609893035683735e+00
6.831056046642309809e-01
9.473691417835595763e-01
8.134950551618260750e-01
8.858860866702740200e-01
7.694848050393087169e-01
8.021498656983082620e-01
1.090551618008998691e+00
1.026359140861966113e+00
1.246571045313253245e+00
7.930709405575381288e-01
1.229588059097052044e+00
1.292497095862544576e+00
9.711515460554872581e-01
1.555450270598750739e+00
1.047092028369629890e+00
8.822200180540672454e-01
1.089098134805065454e+00
7.635187419291248334e-01
1.097754209476823783e+00
8.678642316059903550e-01
9.625332172123930441e-01
8.240890605617774423e-01
1.426767244655350986e+00
8.191240216050867939e-01
1.262744329490725903e+00
1.006476963586855344e+00
1.031838341983944529e+00
7.493065872577605591e-01
8.186319905985525169e-01
8.525572523308911910e-01
1.528979625016639421e+00
9.043789036429020767e-01
1.159684412232263373e+00
1.269950981657795408e+00
1.100967981063167178e+00
1.035644979390008436e+00
1.002916113426282729e+00
9.504930517579466276e-01
1.366249983247093569e+00
8.230145308081303623e-01
9.782231821756488532e-01
9.783066184194334491e-01
1.028430753784281837e+00
8.813404024180525598e-01
8.977283286816204466e-01
1.230217888490588773e+00
1.344917661859688973e+00
1.012337105457164155e+00
1.099201436059214165e+00
1.381553298461626555e+00
9.356452169497166960e-01
9.847632529402401413e-01
8.905834614036017838e-01
1.085960492073254624e+00
1.261738304644759667e+00
8.969658985507762416e-01
8.572888935562238411e-01
9.524966993470301846e-01
1.534222738689702492e+00
7.643998727267889981e-01
8.274356513838874161e-01
1.130107556278878489e+00
8.713817744512465380e-01
8.925713028567049401e-01
7.064347980149862094e-01
6.717579108804970778e-01
9.830605843422917101e-01
5.981831614037952383e-01
9.206766656585579911e-01
9.717908946656258484e-01
7.865619365586874467e-01
1.489478701662651838e+00
