3.470192027577626792e+00
3.782899916817293207e+00
3.739086014121614010e+00
3.426099436562373590e+00
3.693773436811169653e+00
3.621935486964910744e+00
3.425891447243138987e+00
3.551427455109362086e+00
3.555269531512229353e+00
3.662119980296037358e+00
3.675829439210037464e+00
3.716871791577095241e+00
3.522894350188100265e+00
3.743444007230259718e+00
3.574324989728779212e+00
3.580116401553654182e+00
3.892046895569826859e+00
3.492203724939165088e+00
3.634213994609829523e+00
3.793564493037606677e+00
3.553324429143945640e+00
3.575174812867780272e+00
3.864907420141836081e+00
3.845356081966682993e+00
3.663923962852118077e+00
3.589601395480863655e+00
3.663261309189649317e+00
3.672122005631441422e+00
3.598152212138258754e+00
3.747116184737139921e+00
3.660435176913901856e+00
3.568739478420795752e+00
3.628544376637789171e+00
3.597581401289371428e+00
3.673050963746804953e+00
3.544172958783229355e+00
3.681519613230581189e+00
3.498515524772932928e+00
3.552713350933290659e+00
3.518462212079213280e+00
3.577279469600133766e+00
3.511947820224301076e+00
3.482656061942210002e+00
3.603840053226931683e+00
3.509006800952737315e+00
3.563737883960132802e+00
3.766422926916216607e+00
3.583353826275633924e+00
3.619243678985030854e+00
3.481632090274566771e+00
3.609685874678619122e+00
3.488262612127295270e+00
3.586114681528085768e+00
3.753605069273693307e+00
3.701034610109489975e+00
3.594292928085086380e+00
3.580454605564695747e+00
3.462177936617372165e+00
3.624682209056952154e+00
3.862765820891863378e+00
3.689959278604638460e+00
3.532571404144821070e+00
3.550546906550672510e+00
3.713797845347170945e+00
3.625757941109890137e+00
3.399254262755962319e+00
3.889469466570126599e+00
3.779526141834352870e+00
3.624564911213252305e+00
3.601529996794469834e+00
3.563889768990141427e+00
3.517317054947849631e+00
3.508793424021138918e+00
3.449153329210704388e+00
3.682565988477090269e+00
3.464422994084764618e+00
3.606288950176852914e+00
3.539723120096323061e+00
3.633809058523831403e+00
3.692820064708830063e+00
3.612805350886838962e+00
3.600767906393515183e+00
3.762283650523309486e+00
3.843915934306950000e+00
3.705164472150067834e+00
3.650434326427847598e+00
3.661905935291170699e+00
3.662389211358001884e+00
3.592322603418267146e+00
3.520843108449585923e+00
3.653381399765625481e+00
3.615705514899561823e+00
3.596679311206216756e+00
3.673220032159877579e+00
3.590890379045871939e+00
3.459438198502852835e+00
3.604297918943031309e+00
3.770760911030626161e+00
3.599413436566600843e+00
3.496813566308447196e+00
