3.602748038622790361e+00
3.572751505757554291e+00
3.622293789742736969e+00
3.615953436968817325e+00
3.649672406149775838e+00
3.563990023644868721e+00
3.655275909487545771e+00
3.524311490321824003e+00
3.552018530545696606e+00
3.518780723042474357e+00
3.611630975793415743e+00
3.556787189462041088e+00
3.725957846877762325e+00
3.570616277801879956e+00
3.525865955412614827e+00
3.678710828640824104e+00
3.548350380832026918e+00
3.644863693288096673e+00
3.670652870474314433e+00
3.532087885773264269e+00
3.723487683868848208e+00
3.643513966768710866e+00
3.459901591974719359e+00
3.562333719931452869e+00
3.435670388841601586e+00
3.536605025320564089e+00
3.690314686513206155e+00
3.712015482577495806e+00
3.649153943807485589e+00
3.548450690210656955e+00
3.605281934070829308e+00
3.541028520006730851e+00
3.511826160721625900e+00
3.726077400185122901e+00
3.761560711825254089e+00
3.559156577583111325e+00
3.547426346192465552e+00
3.509320093911354022e+00
3.523994320748673470e+00
3.638592624455240898e+00
3.514340321186514959e+00
3.631139141252214042e+00
3.461231240165239420e+00
3.491167049953237900e+00
3.495609405085480237e+00
3.406268073484163494e+00
3.395555826646126540e+00
3.640771612107024602e+00
3.535474226827174160e+00
3.604626374500617292e+00
3.473373825703360396e+00
3.608197519015625243e+00
3.567411532855142564e+00
3.667411306825175465e+00
3.748373749581047853e+00
3.391096730812783289e+00
3.575843428137423619e+00
3.493077024799576602e+00
3.774027428284263408e+00
3.547642859721384045e+00
3.615355973428111547e+00
3.672559580731610485e+00
3.521952655887405914e+00
3.680860288619048237e+00
3.571380543582693079e+00
3.632262014871388001e+00
3.653208202567252538e+00
3.618151390842531345e+00
3.555220115616566812e+00
3.509751639989806993e+00
3.640947401349951207e+00
3.546555998665342546e+00
3.662557379447330064e+00
3.613138405163246247e+00
3.660355924990269738e+00
3.664822460749887156e+00
3.469012077748901302e+00
3.580851461180263318e+00
3.630428871631852683e+00
3.676641683304710639e+00
3.458052130092075682e+00
3.676486625385237517e+00
3.489120817562197274e+00
3.665306002116570205e+00
3.646352655692713274e+00
3.741485824359452206e+00
3.496824836438156670e+00
3.507653856512029211e+00
3.662445554154257987e+00
3.563423232404967944e+00
3.743140333627935412e+00
3.617610752139376995e+00
3.555084082020086189e+00
3.579831868120878280e+00
3.697464979069607249e+00
3.507753368736170163e+00
3.434894079148630652e+00
3.552294733029512930e+00
3.591314538757326424e+00
3.545418602596631885e+00
