3.803577008542397664e+00
3.614013854689284599e+00
3.520282030169334053e+00
3.740360688279694035e+00
3.675317239490967669e+00
3.605878019801504131e+00
3.587957565908060698e+00
3.455448034656723344e+00
3.500286923390726113e+00
3.565681535849171357e+00
3.571367486678973524e+00
3.525719879121292255e+00
3.793449231122314469e+00
3.494469508033679173e+00
3.527884407973072456e+00
3.594037287652512624e+00
3.984079222234324202e+00
3.567228248411784541e+00
3.681610780543379757e+00
3.519849933895541572e+00
3.743109874380606161e+00
3.649884699850392433e+00
3.686833988280225238e+00
3.701819887776522044e+00
3.555468893558855203e+00
3.650947763140613755e+00
3.751733184063938520e+00
3.441007145986708871e+00
3.720350444422320546e+00
3.681736634114009643e+00
3.654578325035914510e+00
3.678055018679753818e+00
3.523076300994615551e+00
3.728166356855539210e+00
3.403082738299093357e+00
3.566845990211689355e+00
3.652175906821149010e+00
3.520194682684104848e+00
3.793095208952982134e+00
3.775059317461277875e+00
3.965719683275385599e+00
3.598780507324871092e+00
3.697042983060466081e+00
3.612369171473910345e+00
3.668661174943690373e+00
3.666954803959296072e+00
3.484191453398376215e+00
3.705589266436412732e+00
3.689330872535680150e+00
3.549311205468804964e+00
3.795524474428316974e+00
3.670961995989205917e+00
3.556512570835414166e+00
3.577480519368362089e+00
3.622024783797938241e+00
3.595194755776038864e+00
3.634609542652214476e+00
3.666540809928049427e+00
3.720825647131365432e+00
3.568832535923156524e+00
3.570019377075160261e+00
3.482194591163883413e+00
3.593850371936389010e+00
3.718272837737707004e+00
3.612175861784995945e+00
3.537357381084787367e+00
3.687095572559579981e+00
3.773617518083393740e+00
3.674398795250516603e+00
3.787884548500282111e+00
3.640119310789095675e+00
3.611919657768056791e+00
3.737810889859611851e+00
3.755686679117908433e+00
3.431686829256734850e+00
3.696771308318167470e+00
3.652482015092247458e+00
3.434331480002538850e+00
3.530317651711602167e+00
3.444281375181754701e+00
3.658716803921826966e+00
3.534896017035741078e+00
3.636983488327163450e+00
3.440786007055534945e+00
3.652453724452533468e+00
3.524853523585768755e+00
3.606186345951292171e+00
3.398893156914212010e+00
3.574963935578559404e+00
3.665291847303053796e+00
3.800420262089057033e+00
3.779857283835156512e+00
3.665441761489655281e+00
3.524027194199212953e+00
3.690160186997507807e+00
3.609814833275631241e+00
3.628053275844477898e+00
3.576627783692020834e+00
3.605618507189396471e+00
3.637107068216053118e+00
