7.182996340812817238e-01
8.096536171147203920e-01
6.767460539424621224e-01
1.107274911575580445e+00
6.389591418937998757e-01
7.562757607406177529e-01
9.645992913454924933e-01
7.086870068489099506e-01
9.366816121304885057e-01
7.760278866777103879e-01
8.330174580530212980e-01
1.055834937107082094e+00
7.294205618628900600e-01
6.863231299757508452e-01
1.313835031913074713e+00
1.084887241875804653e+00
9.227715918250308791e-01
9.037019915231865319e-01
6.232683656152399054e-01
7.794917589144398917e-01
8.701371007103766431e-01
5.826353195439812893e-01
5.475063333740728400e-01
5.514044276486600449e-01
7.718562282349733517e-01
7.047324589895131997e-01
5.842330318806122635e-01
7.397840097148434824e-01
6.315541860373857785e-01
7.047909953857863785e-01
6.000778839933895714e-01
8.354245722098627702e-01
6.548460492059628990e-01
8.780031782427338838e-01
5.996289416610376399e-01
7.446343125850010125e-01
7.490898561857598503e-01
7.534091380124205983e-01
1.037653682919750020e+00
1.087506098575209190e+00
6.340676685438568772e-01
1.037763283201983189e+00
6.039488718389197652e-01
7.183212931051459194e-01
8.272117466090835869e-01
9.569877528206726103e-01
1.325835105400956060e+00
9.276579062255353447e-01
9.265497325496938608e-01
8.667504007689432743e-01
1.314305261648539780e+00
9.678023377731633792e-01
9.273565708542201858e-01
8.154603613073940771e-01
7.164787773403059612e-01
8.508938133130324877e-01
1.156923998837159351e+00
7.446270810530450923e-01
7.493681892876474793e-01
9.436087503423862266e-01
5.069036417197203548e-01
7.034933652314888652e-01
8.906979055688745150e-01
5.286368825688150253e-01
1.164972977202958671e+00
9.270348409003890122e-01
9.143746835863028055e-01
8.192958083381984835e-01
6.599363441071174341e-01
6.858427916766043353e-01
6.449362232238181614e-01
6.680243132367588155e-01
6.790269064970533286e-01
4.955681050207204619e-01
7.697820651776976497e-01
1.001429412649472050e+00
7.020433980192429813e-01
5.906303305214282151e-01
9.902523080826239887e-01
1.002583980682194786e+00
5.474156959705338554e-01
5.463732864508766829e-01
8.115016903902039225e-01
8.094255320286323219e-01
6.357013902246080317e-01
8.257388228000434038e-01
6.082193486821640960e-01
7.293805511672296626e-01
7.853651977839187781e-01
1.081460921155816157e+00
7.227843219347780401e-01
8.600978424059693150e-01
9.482633688189094912e-01
7.907274335502726403e-01
6.444650536005477326e-01
6.027135104568611679e-01
7.198522975382029010e-01
6.481850188270521507e-01
6.727048716599293154e-01
8.713543102034053689e-01
