1.361946696579577454e+00
1.546359035895618517e+00
1.427462105249035940e+00
1.600670600531437948e+00
1.478014364114262680e+00
1.400909377985889659e+00
1.441169144054896600e+00
1.494263855767590243e+00
1.501041717488714955e+00
1.476907837169726179e+00
1.554737866794886569e+00
1.617360230193642945e+00
1.706399553972193006e+00
1.623113966735525882e+00
1.597348557927120716e+00
1.672309544746503951e+00
1.748417454644593194e+00
1.575746768493018646e+00
1.649311169734736460e+00
1.460859673380732415e+00
1.576499587530489688e+00
1.461726044836939353e+00
1.526108072882938149e+00
1.312529250992915619e+00
1.490627846809647883e+00
1.656212152102137569e+00
1.537497278882196561e+00
1.644670246320086404e+00
1.565329046059947160e+00
1.619024553530439947e+00
1.609860775141735978e+00
1.388114191234000261e+00
1.566343484885698523e+00
1.662262641908522465e+00
1.442536648660410314e+00
1.519708485888052074e+00
1.491260309158861208e+00
1.568065667494074278e+00
1.650648776550600605e+00
1.699211118752595784e+00
1.567903941822834657e+00
1.592495078405195885e+00
1.569650130744732808e+00
1.618915443434965740e+00
1.717982226566151072e+00
1.472929625304997936e+00
1.499175227983383207e+00
1.448821946549928574e+00
1.494372123653405326e+00
1.533838738185870021e+00
1.540673007297260977e+00
1.443562369707484860e+00
1.470957720228879273e+00
1.596606843378573171e+00
1.568541212001419938e+00
1.452828639753183548e+00
1.440666192967095860e+00
1.528375491617322224e+00
1.484515960679201996e+00
1.590125111479713471e+00
1.514851090265618483e+00
1.600178171352454992e+00
1.465690281673443840e+00
1.482201492493453898e+00
1.572962574631452615e+00
1.689651125602428472e+00
1.627617488993905903e+00
1.697384921653835255e+00
1.761982528310065410e+00
1.829998078504494030e+00
1.727567718891574566e+00
1.559936114111249106e+00
1.543479301765278366e+00
1.463849051469598539e+00
1.595080504618914707e+00
1.697079890037030525e+00
1.510444478709110916e+00
1.661123638156672522e+00
1.812032162250712730e+00
1.840803362492450912e+00
1.731845777189729096e+00
1.921067246509625681e+00
2.008561763133550837e+00
1.841969822969807824e+00
1.993491301138343719e+00
2.178834088003165359e+00
1.995223150220498676e+00
1.848348870243903264e+00
2.045009949824371009e+00
1.944554787904239967e+00
1.898364036067796023e+00
1.794137182293169097e+00
1.995691301689287656e+00
1.901339629441871182e+00
1.975905180388510818e+00
1.862908025942920709e+00
1.757294213433637564e+00
1.797411294562084816e+00
1.694422775453548580e+00
1.922592603705305381e+00
