3.485655287019680859e+00
3.565656250356151080e+00
3.735367695490741990e+00
3.423846072960129217e+00
3.563915009633374709e+00
3.671769733480311881e+00
3.888386385982800952e+00
3.493497559702835709e+00
3.677452460009415169e+00
3.544391662055188963e+00
3.553507888012464200e+00
3.602841610831637453e+00
3.533986229035896987e+00
3.626759119220541727e+00
3.520665385071389153e+00
3.483651558543785054e+00
3.492343359736524100e+00
3.564107114239744245e+00
3.380470737515592461e+00
3.479029276549329364e+00
3.534950145055847148e+00
3.640222995049114285e+00
3.605522102458669664e+00
3.618970485175932339e+00
3.671305163299951158e+00
3.531794669239739726e+00
3.493654818536264806e+00
3.629835417245891538e+00
3.485613279353604987e+00
3.700608358182368107e+00
3.610495821228291824e+00
3.621791305974229491e+00
3.365912594894665766e+00
3.636250147302390268e+00
3.569132199191917820e+00
3.544888363042403068e+00
3.423218685737760669e+00
3.516226980003098301e+00
3.546709983741399785e+00
3.515045126266430842e+00
3.487909738000498194e+00
3.582189539868274597e+00
3.557969970512468549e+00
3.478137892757716010e+00
3.609530498832305589e+00
3.595402721687663394e+00
3.420078243575165988e+00
3.498990230132255519e+00
3.501807107997542801e+00
3.761486730640095644e+00
3.638706567563833705e+00
3.473513944785686203e+00
3.517390299124436126e+00
3.664592086307371765e+00
3.597068601172667357e+00
3.619912693480102028e+00
3.406038585815331032e+00
3.412889635026049362e+00
3.550806873094568328e+00
3.678902323970426824e+00
3.717219941015724061e+00
3.529557121051257962e+00
3.540799115701637856e+00
3.599431427951111040e+00
3.535057143280496916e+00
3.685108425844441093e+00
3.633963242446295094e+00
3.581446710571275727e+00
3.825367073311681132e+00
3.588474895043902713e+00
3.624089757420718261e+00
3.520487801493950908e+00
3.814795766432296897e+00
3.468996477387736199e+00
4.011346614626067897e+00
3.839026255059690307e+00
3.924896556644463796e+00
3.701138467122078612e+00
3.515641671918737998e+00
3.776837183890572991e+00
3.704275046084638312e+00
3.672227762704304066e+00
3.565150198827537587e+00
3.632622943492199497e+00
3.669631699311656448e+00
3.518209256588433309e+00
3.511785152201970295e+00
3.761529955676149672e+00
3.602703488568153478e+00
3.593683816985044466e+00
3.646025984151488597e+00
3.466252200033013153e+00
3.642436094508166189e+00
3.544153645952627940e+00
3.697036260993948442e+00
3.716264649715228519e+00
3.704820855308801786e+00
3.611370555720216924e+00
3.437059787494264107e+00
3.641593340059245509e+00
