3.480590870143307036e+00
3.659773349929674069e+00
3.559902205978595191e+00
3.553939026763564435e+00
3.535766357806452209e+00
3.594229764144781125e+00
3.511667896412878687e+00
3.508696936773918917e+00
3.567740228642729328e+00
3.383039760825569342e+00
3.579236859325237496e+00
3.616882280411715112e+00
3.595215914629899423e+00
3.726039268739969934e+00
3.727023414890768382e+00
3.538391045183613581e+00
3.605891294440005890e+00
3.705791252319443174e+00
3.602961479139595635e+00
3.486748596448098869e+00
3.872904573111070281e+00
3.668826948962394141e+00
3.737682068198674212e+00
3.691577695566525819e+00
3.636317411151847256e+00
3.554405917363010481e+00
3.682726577077839902e+00
3.744558102434867308e+00
3.593174402773906095e+00
3.694829456108636112e+00
3.677817206786277104e+00
3.423164177413196008e+00
3.742759405316003818e+00
3.585692483267884256e+00
3.773351488312666202e+00
3.545416995950785743e+00
3.542914348676274194e+00
3.473860864052460862e+00
3.690313998395395423e+00
3.290083718254672274e+00
3.574781765506049869e+00
3.659534546178078163e+00
3.582172119512276875e+00
3.543398879900912846e+00
3.551842907134606708e+00
3.647577935671327598e+00
3.494915146097172354e+00
3.488077453297700803e+00
3.587184792185183380e+00
3.765347933371450573e+00
3.636892318913142574e+00
3.726615375443064426e+00
3.541567455810219034e+00
3.664909946587316281e+00
3.673565985783077803e+00
3.757097106562899302e+00
3.668585852871649067e+00
3.522730190961722130e+00
3.630528078444611229e+00
3.627519691519374145e+00
3.647464548375720206e+00
3.673218293591043349e+00
3.534800158081952581e+00
3.619569769189561192e+00
3.691020656009674106e+00
3.605129044530793525e+00
3.761711217974331944e+00
3.680966360800147275e+00
3.653727454806194430e+00
3.666629421001725397e+00
3.856360238665025086e+00
3.528858397347856002e+00
3.492176954250302945e+00
3.599033915447437781e+00
3.703442246702156826e+00
3.433930667263297654e+00
3.500284096392090927e+00
3.399011416826166698e+00
3.604436419119559698e+00
3.427742170815935019e+00
3.525490914811607368e+00
3.559576908046774957e+00
3.779249234803727209e+00
3.672639908840683365e+00
3.363687080873042134e+00
3.767580453506559124e+00
3.725542410825480211e+00
3.590966184452561993e+00
3.600550218722636586e+00
3.581467139056817572e+00
3.749844327774994213e+00
3.530431644684950854e+00
3.604338231765107370e+00
3.611366385906092713e+00
3.433389141514286980e+00
3.606348323694148039e+00
3.547644220870820764e+00
3.686209594572933401e+00
3.451162555953953159e+00
3.428918535604741802e+00
