3.657052368001340703e+00
3.594964353951678238e+00
3.621074562705347777e+00
3.656374661059512921e+00
3.605343516515443270e+00
3.568376265834042105e+00
3.535328593714540446e+00
3.663875623945976656e+00
3.588749984136399007e+00
3.530068804328601928e+00
3.709786051530705286e+00
3.751317129392600425e+00
3.491792015877694499e+00
3.529138602439172878e+00
3.621474701923527384e+00
3.842960146153654666e+00
3.648778692550856295e+00
3.610655521743063368e+00
3.577183036931959048e+00
3.708546310729848638e+00
3.622520257567353852e+00
3.644221227564866439e+00
3.616854213265934703e+00
3.750364746235951952e+00
3.538789275953970304e+00
3.725053966478657941e+00
3.507298262233513597e+00
3.475504024977267736e+00
3.720974459676486212e+00
3.550007288342952982e+00
3.502135210698253509e+00
3.582763358888660044e+00
3.688069516215111143e+00
3.773289258574675120e+00
3.519676972725827024e+00
3.348786481279424354e+00
3.677740671669504025e+00
3.788349125222088443e+00
3.600207715258197272e+00
3.407812893444779778e+00
3.664186834358991174e+00
3.608257932181365479e+00
3.743656008606396135e+00
3.712074773927326987e+00
3.616156173499057935e+00
3.638217553609845556e+00
4.059706033668179614e+00
3.659250891807137585e+00
3.747310815588053678e+00
3.685215210608255187e+00
3.543416385261477064e+00
3.409916724460046122e+00
3.746427600638188249e+00
3.559388977028742573e+00
3.657449715094551301e+00
3.619650235894821932e+00
3.753347333848524148e+00
3.711095751987691482e+00
3.821504233147757112e+00
3.450694690484250149e+00
3.596865483318272272e+00
3.728800270273972650e+00
3.779384131251746659e+00
3.422629579946356415e+00
3.538459527712357833e+00
3.731952138951104114e+00
3.652354602153938590e+00
3.662470591451558288e+00
3.656315328849756074e+00
3.797446347984949178e+00
3.741395702418417457e+00
3.479547455207590900e+00
3.657797301906469567e+00
3.628420264956347285e+00
3.712993958200645039e+00
3.542442709438133441e+00
3.638697597401210793e+00
3.626215220544935836e+00
3.496773680446475296e+00
3.616803655359329905e+00
3.667933439500304704e+00
3.570771252964572096e+00
3.644481601344992772e+00
3.582491958687255007e+00
3.692405236961695092e+00
3.599294353911475675e+00
3.426337340174865354e+00
3.446047809567862608e+00
3.676619748247947683e+00
3.631460581713513935e+00
3.630987320430573817e+00
3.517903169278405073e+00
3.423371081751644507e+00
3.668050500010330062e+00
3.605012285311942843e+00
3.698487366996654480e+00
3.443720701216558933e+00
3.579316740333999824e+00
3.477108910819592058e+00
3.526332812194565847e+00
