1.366493538077439229e+00
1.434946678007656518e+00
1.407759855688502260e+00
1.512240206564976486e+00
1.404561765987599964e+00
1.454873400822390694e+00
1.549407560579417531e+00
1.626738186507397765e+00
1.660663672202721042e+00
1.568148085313203266e+00
1.493445027563588878e+00
1.507818283869835740e+00
1.293725212736969166e+00
1.294725457110433187e+00
1.425744075364579366e+00
1.326403480634699594e+00
1.383035805176954014e+00
1.400721172547020332e+00
1.311112234362561413e+00
1.400779208595654524e+00
1.475723986227185591e+00
1.396483998608779808e+00
1.430304970086166527e+00
1.528076314182483575e+00
1.658332167525959244e+00
1.503152823794516646e+00
1.714420053991083437e+00
1.594518289223233465e+00
1.507825605294347060e+00
1.556076678175888350e+00
1.701988514893418403e+00
1.743887588817598422e+00
1.392821788621196655e+00
1.610467910920915235e+00
1.451444535989166340e+00
1.376338492232362487e+00
1.420256830370684620e+00
1.365464426969284606e+00
1.471303456451768854e+00
1.481609298497048588e+00
1.541975662427719218e+00
1.595198763069347825e+00
1.562822041338237433e+00
1.655879468792954778e+00
1.755541755054233821e+00
1.747408701682471532e+00
1.668006246331185771e+00
1.702992789281249753e+00
1.744388972772384916e+00
1.541776169532256269e+00
1.678983808085795948e+00
1.684200753858509758e+00
1.555932570735379938e+00
1.631049857104547751e+00
1.691477827305122528e+00
1.792168890665837067e+00
1.728766006708115199e+00
1.541162472321172983e+00
1.749008237715474756e+00
1.840258263408347528e+00
1.846893720950994799e+00
1.559537123017350924e+00
1.675325101855658527e+00
1.542353752316395044e+00
1.702190593381635697e+00
1.643963448743630096e+00
1.923504687050280104e+00
1.988771897365747998e+00
1.688744157659078260e+00
1.552363206135479290e+00
1.659583322400011829e+00
1.555928085163246211e+00
1.614779532815344032e+00
1.670275365595916384e+00
1.481980592637075489e+00
1.541336983490207979e+00
1.680428947376528592e+00
1.575493067799371705e+00
1.751372477833003316e+00
1.599981444767119676e+00
1.525381930729904578e+00
1.534770116152045505e+00
1.489395802855264517e+00
1.522307259431806337e+00
1.495127578991701123e+00
1.392376050906997564e+00
1.461522314528999278e+00
1.561230360485471591e+00
1.492621747895181317e+00
1.555270295243930567e+00
1.499308462167014522e+00
1.634418269839213123e+00
1.632210265633584179e+00
1.641615544525622417e+00
1.466539795421863301e+00
1.487965400821313677e+00
1.374714288335023848e+00
1.451127270560429894e+00
1.404841126717490285e+00
1.485627472406178429e+00
