9.749899864267970173e-01
1.126893253904838854e+00
9.572664922865327108e-01
1.168323191548989781e+00
6.133964565644198785e-01
1.293298469235115267e+00
1.428290335043354675e+00
1.040556884223354128e+00
1.262896819830101158e+00
1.253341059120896217e+00
1.527893802989339855e+00
1.638261760639184494e+00
9.979020757121506158e-01
1.462241546729626362e+00
1.190057392376023593e+00
5.899801302459608543e-01
9.316645106958066913e-01
1.453275300541466475e+00
1.030367531939368364e+00
1.680860534784455851e+00
1.135671862773793839e+00
1.268704543976546306e+00
9.465187591540873413e-01
1.042382137750569315e+00
1.543046152591932341e+00
1.211663366859643931e+00
1.511481280617446021e+00
1.185910583549373287e+00
1.502238714680339093e+00
1.177915593522129267e+00
1.130269737208448255e+00
1.362935747984067358e+00
1.971449059010027316e+00
1.352300465467237034e+00
1.503438770385402856e+00
1.397988952324050738e+00
1.467040653816618523e+00
1.592219182875260541e+00
1.617041015739602017e+00
1.706588909646781005e+00
1.418696098059229360e+00
1.113202407433424135e+00
1.588269768031606466e+00
1.961687730850579792e+00
1.494005645570681384e+00
9.124816395487078680e-01
1.351196765966368840e+00
1.250245666636010888e+00
7.494418009557607396e-01
8.490700976823479795e-01
1.684332440992301727e+00
1.360255564560818753e+00
8.499575749932276603e-01
1.086848051773732449e+00
1.244935910703738102e+00
1.590094471803652265e+00
6.654966126707464458e-01
1.188679284911753786e+00
1.209759054556547309e+00
1.680086538155443510e+00
1.430496005558986372e+00
2.003203059581639689e+00
2.148555092211119177e+00
1.937655399405052048e+00
1.245686266240338291e+00
1.953596144353036523e+00
1.542002465636452158e+00
1.690716601293995147e+00
1.314426159443661035e+00
1.864561083400752883e+00
1.610054543282597006e+00
1.472571825767654552e+00
6.973266464621041827e-01
1.273462595913704476e+00
1.261492709420739100e+00
1.596479910752376163e+00
1.842942051765167566e+00
1.201828140957639457e+00
1.627904416041398461e+00
1.777289872450179775e+00
1.483105600898985355e+00
1.639625352810405001e+00
9.942529441166797488e-01
1.192072807258776290e+00
1.351920009703260206e+00
1.162725915147095890e+00
1.357675155814769719e+00
1.969947360801697300e+00
1.567371886155722427e+00
1.614050579713759204e+00
1.223206940564207867e+00
2.165170920062749360e+00
1.617470817089151192e+00
1.740230527140247396e+00
1.561025042457048650e+00
1.629988517759911160e+00
1.240212919127732905e+00
1.835327972957019327e+00
1.464502688075077108e+00
1.640140226370422116e+00
