3.532445741302928877e+00
3.598449296984288726e+00
3.644754141343500287e+00
3.572816130719155048e+00
3.633236505319170195e+00
3.528180321599693414e+00
3.646562203872653285e+00
3.516867043631799916e+00
3.536070617812785866e+00
3.546723561503001054e+00
3.771255310737230637e+00
3.663376252948514988e+00
3.564314169694656087e+00
3.381322162118702845e+00
3.623022419725150378e+00
3.450805896929971528e+00
3.567875309555100127e+00
3.354487482432822354e+00
3.563232768693255004e+00
3.496749989203414177e+00
3.511649825582333406e+00
3.615978950580594375e+00
3.558564830572491733e+00
3.502927313047762947e+00
3.578271338150103453e+00
3.519154715669263300e+00
3.516626528438481891e+00
3.491156093669001592e+00
3.463602023862363488e+00
3.325838868392421155e+00
3.577781200048440358e+00
3.567785616741636634e+00
3.486036643623798170e+00
3.481545677329228816e+00
3.633441133866567530e+00
3.647762186328372014e+00
3.504080989821091840e+00
3.607367614692442270e+00
3.655034134230550347e+00
3.500698934549047348e+00
3.631272637055757979e+00
3.541460853510451035e+00
3.608272713386545316e+00
3.522037156320004136e+00
3.496831832674658802e+00
3.484574424821772709e+00
3.492448518968036097e+00
3.690912943958318149e+00
3.385997949358869441e+00
3.374999415664022617e+00
3.530331070067799892e+00
3.559173633652784385e+00
3.603480087873784932e+00
3.557950171553286633e+00
3.364701384427662756e+00
3.755197729279154739e+00
3.488009566739854517e+00
3.473159757058887909e+00
3.461875177914807367e+00
3.613321537343151313e+00
3.699444401199198929e+00
3.648728288163165967e+00
3.740952913938765612e+00
3.607289047451041952e+00
3.365275994737170873e+00
3.568609416561508763e+00
3.509554976341865196e+00
3.670508783504509154e+00
3.750957327717283629e+00
3.450087006826551672e+00
3.413220201590892344e+00
3.622218709670911974e+00
3.566759793877427143e+00
3.441365294239290495e+00
3.491414283781765437e+00
3.674126550770082655e+00
3.537347174607010203e+00
3.505050809235581433e+00
3.730317191231081964e+00
3.768117063050939741e+00
3.537253540291095621e+00
3.411433433233731716e+00
3.560187836692556562e+00
3.548274002379933290e+00
3.684868676091863193e+00
3.466167912452247535e+00
3.415612093825053375e+00
3.474776984374547073e+00
3.589278800682497383e+00
3.550298241585814640e+00
3.572115510159724394e+00
3.536430246909545438e+00
3.541561730117630091e+00
3.365116759100936772e+00
3.589767623218474313e+00
3.530801072765283433e+00
3.450350306985378257e+00
3.581399853954663204e+00
3.672140931832316380e+00
3.513952443944038162e+00
