8.521934282016079276e-01
1.315774913075197006e+00
7.594928567605584435e-01
9.681808446133575163e-01
9.610893049887377915e-01
1.037941681703182129e+00
1.162277186752726843e+00
1.051163661317486842e+00
8.441623170851809688e-01
8.576391245869219304e-01
1.571829397305988918e+00
1.140788328900356419e+00
1.133233101738478688e+00
9.741905236287453640e-01
9.714197475528564274e-01
1.073720979373965490e+00
8.948437351779201521e-01
1.058963160434390538e+00
8.363069882709023295e-01
7.139964783726547859e-01
1.005262116438680575e+00
8.087190225783369435e-01
1.306990549799455392e+00
1.087711833853479027e+00
1.199691503974742446e+00
1.187440420722648771e+00
1.151127660570050226e+00
8.685930829812666953e-01
1.251178423693319886e+00
1.067415663946517990e+00
1.103086370745300915e+00
1.153571220422753951e+00
8.351904448826873439e-01
1.303114101111013223e+00
1.392773264145547918e+00
1.292193425382877070e+00
1.030354682387717880e+00
9.631202555247162511e-01
9.082254268890103122e-01
8.131144061355741748e-01
1.240670114821918801e+00
9.921411778301102435e-01
1.024876310425169468e+00
8.847390379947565053e-01
1.060592265138897927e+00
9.298644696529027032e-01
7.077207545257256927e-01
8.508727303913004025e-01
8.404221651091753342e-01
1.177316978282881621e+00
8.530222467470882641e-01
1.128639023011747344e+00
1.397646775452547896e+00
1.179130211793633087e+00
7.857266179282961227e-01
1.194805615189382442e+00
1.177579854322690522e+00
9.769092725895679452e-01
1.040909398345072789e+00
1.278606549432778072e+00
1.247249006704084895e+00
8.744893573503991213e-01
8.160769219718859713e-01
1.012528230500419735e+00
8.250913137680260245e-01
9.217536693669828862e-01
1.271171009563109466e+00
1.024082140471232583e+00
1.225467835461505617e+00
1.001383414893495472e+00
9.394930575569279130e-01
1.134844192416114783e+00
1.051085143766761210e+00
7.934647645488539514e-01
6.993398317604939685e-01
9.185416207536425404e-01
8.978405718570997562e-01
1.184846298507352458e+00
9.055301476326053089e-01
9.689855462119439933e-01
1.013870149259091358e+00
9.640904710610636030e-01
9.438595629736641346e-01
1.317641775978715790e+00
1.078085496328515136e+00
1.459551687449967883e+00
1.106490540316928062e+00
8.968333795763443472e-01
1.140160987529539538e+00
1.088519189084230732e+00
1.114326149973248192e+00
1.256899275917400693e+00
1.053595215893685211e+00
1.114891593160542760e+00
1.031116145360320813e+00
9.498885057287038691e-01
1.013207980401357400e+00
1.109018851500592096e+00
1.371187298111556263e+00
1.202193345486600284e+00
