1.288749551844712737e+00
1.539260493371959804e+00
1.374759424348670711e+00
1.485869142711863988e+00
1.599442719832250281e+00
1.364536761008493748e+00
1.470282583566792756e+00
1.323313509005396904e+00
1.437072650611564972e+00
1.408358084061744231e+00
1.455375639919953557e+00
1.427324567102937314e+00
1.416641996167885109e+00
1.363606344255567260e+00
1.349926825905973349e+00
1.612731313361033481e+00
1.432539427133639798e+00
1.430844727854149401e+00
1.392686554965654633e+00
1.316513365508308109e+00
1.377113103303373665e+00
1.431462483157876608e+00
1.343344212580273478e+00
1.572572116374495899e+00
1.584684061654164866e+00
1.607619425952677039e+00
1.629607293907175736e+00
1.707370405824280013e+00
1.561418445252007237e+00
1.502658475370760360e+00
1.639017179044281347e+00
1.534904000599895513e+00
1.512881202467309949e+00
1.601937269288431276e+00
1.496662114213094474e+00
1.514546046798655121e+00
1.516008721287709804e+00
1.412260982909555151e+00
1.528062351365261140e+00
1.630273240015469582e+00
1.545408428323592043e+00
1.584529739719382935e+00
1.536122264358976031e+00
1.614538541224363355e+00
1.475828149338312079e+00
1.749767438956768784e+00
1.558475852886232138e+00
1.486366954186644440e+00
1.405988795310090467e+00
1.525104506922684289e+00
1.633037450132562407e+00
1.560184900777711769e+00
1.477816315510184664e+00
1.462960339788328845e+00
1.657316703733021424e+00
1.635588824702507882e+00
1.564076126912546050e+00
1.660144275950973025e+00
1.725435015571741948e+00
1.661186500636758101e+00
1.695356047366869179e+00
1.633601947475764371e+00
1.646597311272376185e+00
1.549916574594638163e+00
1.651389297106133247e+00
1.638063483598617198e+00
1.820048823237868207e+00
1.894888551496332729e+00
1.742912224180205749e+00
1.834481617658237695e+00
1.831843092612252866e+00
1.702624304196803884e+00
1.832979259330296928e+00
1.802284049824613987e+00
1.785341636127328657e+00
1.816414038479552184e+00
1.760619349707068571e+00
1.689172401911563037e+00
1.740027043313780775e+00
1.867343356684393330e+00
1.897496353961814597e+00
1.910933242664739629e+00
1.692461655713725088e+00
2.072215379795939061e+00
1.853844010932957254e+00
1.988936830964566749e+00
1.887033211437390889e+00
1.796353511512163381e+00
1.838225137510845819e+00
1.641208909354144874e+00
1.742389099556580945e+00
1.823196292931396734e+00
1.752014533319004475e+00
1.594602321851439131e+00
1.649151816482071320e+00
1.718583027801621865e+00
1.655198120546531815e+00
1.554801807661579938e+00
1.533517824512481864e+00
1.561034373550503673e+00
