1.423333640026456015e+00
1.453301469422519920e+00
1.417389693943125639e+00
1.556510085201797233e+00
1.514911030466955300e+00
1.508111702276903943e+00
1.662493209596380250e+00
1.462989079843690865e+00
1.492130927390065143e+00
1.508054835233235691e+00
1.517851997315439849e+00
1.665829762374124279e+00
1.478475667131020410e+00
1.529878161878154508e+00
1.332422960810801582e+00
1.421312937054409531e+00
1.532380889701944415e+00
1.500333598499474119e+00
1.437319895629087130e+00
1.448226551730672051e+00
1.476493451439269800e+00
1.571115511198652781e+00
1.540707365401255524e+00
1.760062541734900954e+00
1.486824074546924113e+00
1.421316667788766530e+00
1.423585683104976018e+00
1.452702007870869894e+00
1.556045667006895394e+00
1.605165757023958362e+00
1.494627944735227310e+00
1.585092792177540622e+00
1.622040990673921934e+00
1.545702674174699975e+00
1.549515117472215486e+00
1.430487924939534583e+00
1.540936584428146849e+00
1.591933495877884797e+00
1.559986511858890701e+00
1.712347070311636132e+00
1.552744186516924252e+00
1.543627480364378579e+00
1.639684659975997327e+00
1.539314204258071195e+00
1.569055680715687018e+00
1.576124679360215053e+00
1.473764363906832742e+00
1.572341263906024356e+00
1.468316143645376215e+00
1.529260481057357568e+00
1.526235822458669400e+00
1.613621250190379719e+00
1.460888583705818533e+00
1.588621796096809424e+00
1.486463326952931041e+00
1.560388201063777291e+00
1.733866937847579948e+00
1.678331736179164979e+00
1.619563341115802801e+00
1.863058512184584625e+00
1.797974748329273398e+00
1.715778053971440897e+00
1.644105189577833359e+00
1.649557253401578771e+00
1.718799287213764071e+00
1.749906194602448339e+00
1.628034539683960169e+00
1.728177012870785623e+00
1.711437578683388416e+00
1.619614589582963671e+00
1.570246896395706360e+00
1.526097935974663367e+00
1.472102718196218962e+00
1.476507052498774231e+00
1.536264888455844746e+00
1.517062978600283829e+00
1.513603285465131565e+00
1.480942398571442720e+00
1.541798046265966171e+00
1.633353806165334321e+00
1.732849196269224512e+00
1.688599907897353036e+00
1.645655339157822361e+00
1.765496875238291352e+00
1.688517813494848641e+00
1.735022629616297829e+00
1.634719032716802856e+00
1.463722971367453329e+00
1.547931934699374734e+00
1.675924462117672098e+00
1.556385524223133032e+00
1.594727178702328052e+00
1.523354504640587415e+00
1.541577031002865805e+00
1.571243632112066191e+00
1.494969471888220047e+00
1.556253642121454339e+00
1.613888846771039276e+00
1.622262403127945118e+00
1.502271089796975323e+00
