6.385522682535149652e-01
9.849015871252699839e-01
7.494003133582654019e-01
8.171368815149786524e-01
5.963409528041893060e-01
6.051274439321215892e-01
6.095121426832257328e-01
6.792115541577760096e-01
1.151004159141380212e+00
1.059324067865011543e+00
9.470794118807939199e-01
8.125887177580555232e-01
6.200839966228320899e-01
1.340969007758044285e+00
1.056462432935065809e+00
8.214457427498792486e-01
8.015263321894173787e-01
9.679275108778369052e-01
7.616228342371239579e-01
1.084642954001447279e+00
7.599101407112968110e-01
7.973380246909852476e-01
1.061705825998918273e+00
1.027590133305721576e+00
9.011489968690146179e-01
1.218072746638723114e+00
8.443694231137568451e-01
8.918533236984907964e-01
8.615118745148283574e-01
6.622626697817005637e-01
6.861426605237800347e-01
1.315761853401679504e+00
1.085653455188674732e+00
1.181678840846163592e+00
8.785355634461398111e-01
8.284132692699864853e-01
1.178181482747364894e+00
9.015375977108496253e-01
1.024782897125030345e+00
8.628926138320859307e-01
1.183375203847823576e+00
1.033572100017784656e+00
1.242980503264484504e+00
7.808219211792791770e-01
6.363846507218161586e-01
1.077554829418693405e+00
9.469160429371374921e-01
1.104804380395474572e+00
1.061998694779809016e+00
9.553389238683974716e-01
8.562698474139990301e-01
6.551715653968198660e-01
9.034797395501824591e-01
6.155294610622878970e-01
1.207730003726588341e+00
6.338895506237118838e-01
1.018277574325856083e+00
1.124807868615606443e+00
7.157776149724713877e-01
1.203418924831263892e+00
1.004825766455055946e+00
6.649812830010011222e-01
8.343102449373434037e-01
5.329488097396838375e-01
1.027221202420582236e+00
9.890260944996104309e-01
8.622801836816815779e-01
8.791994719578604123e-01
1.027058873080352486e+00
9.487844577262385393e-01
1.100497954926911381e+00
1.125791852627098022e+00
9.780903170262940094e-01
9.809701575548017694e-01
6.966053700510251856e-01
1.061213750824823165e+00
8.732145802255321110e-01
8.751504203088199541e-01
9.313128618411703474e-01
1.113945352982919079e+00
1.048097717352471481e+00
6.717883045340852233e-01
1.005335527577123189e+00
1.199013636229936841e+00
1.033707069102806964e+00
1.177423495242738483e+00
1.151554501716066659e+00
1.075135668911320730e+00
7.452826008360650123e-01
1.112702692207231614e+00
8.546499624591302746e-01
1.049107992174115545e+00
5.922237112013991611e-01
7.925045731183647524e-01
6.176382551213003280e-01
7.122368425521704571e-01
1.150819470095560071e+00
9.023815160714431238e-01
1.043959642305973157e+00
6.732648043278105510e-01
