3.501621351015898664e+00
3.429423593060840769e+00
3.537902485708864120e+00
3.686086038666831044e+00
3.580005600605015825e+00
3.676616346903379462e+00
3.716152843943007600e+00
3.777499252334210578e+00
3.744026323350347241e+00
3.602709593281311573e+00
3.645581118363256046e+00
3.722441050319852174e+00
3.723666941769450567e+00
3.739160842029558562e+00
3.580662901748881133e+00
3.762301035081305312e+00
3.743572634924587472e+00
3.631290472955344573e+00
3.499294689697703742e+00
3.752695019433589962e+00
3.540540163575337296e+00
3.686459796775900077e+00
3.555759917718229524e+00
3.648677957602979749e+00
3.718885162310280545e+00
3.634355330367634807e+00
3.493293325815394645e+00
3.845026113253772415e+00
3.539683147954424847e+00
3.639157976955524898e+00
3.556782694046052296e+00
3.384757574886371856e+00
3.646220617136576969e+00
3.653326438784050278e+00
3.835879078371908335e+00
3.694566184132305864e+00
3.663151700665985278e+00
3.560114969129813733e+00
3.568374089836262808e+00
3.444148548668692023e+00
3.550202062037834505e+00
3.883253927150454476e+00
3.547113332608319514e+00
3.698406467761464533e+00
3.635960526725372510e+00
3.481323204093625723e+00
3.578182977008633081e+00
3.518135935877373832e+00
3.455104274090897043e+00
3.672040623928625180e+00
3.582234840051782054e+00
3.632958266425655225e+00
3.900061362073872218e+00
3.631957068150254653e+00
3.740203821804696016e+00
3.628424653367956054e+00
3.481598378583007136e+00
3.534506405222912040e+00
3.583992193217110600e+00
3.572554914223209366e+00
3.547026624444889809e+00
3.828478969345323613e+00
3.756247826941167656e+00
3.662970312099656844e+00
3.795005734037343537e+00
3.652361124121959346e+00
3.635713188767083714e+00
3.651036126989991359e+00
3.622284587110275123e+00
3.929124415459634090e+00
3.528339238194770022e+00
3.891523606053689299e+00
3.738167500006770005e+00
3.584751679547780068e+00
3.629421491902206309e+00
3.663290900128081784e+00
4.005829113944840536e+00
3.631496128040785365e+00
3.726165378551301810e+00
3.654193219275083671e+00
3.744270075944176490e+00
3.642778227098073529e+00
3.731004499654006601e+00
3.534869516322696192e+00
3.620176546265307049e+00
3.691270630749668324e+00
3.656248706281273630e+00
3.772235985000642611e+00
3.763186242985369745e+00
3.725768975655618931e+00
3.501445078857702509e+00
3.407685684316029917e+00
3.670202394412379832e+00
3.550090645989294469e+00
3.741718098356924482e+00
3.402754080204659193e+00
3.682413754836170394e+00
3.558076274303129338e+00
3.569815588755806068e+00
3.519069623109412515e+00
