1.410060606065686839e+00
1.401533750426214642e+00
1.560740788019092218e+00
1.335600804247683460e+00
1.576043029553641839e+00
1.594032033034555651e+00
1.466968722217953935e+00
1.593966269738691599e+00
1.502249091867648545e+00
1.673222177783067810e+00
1.651260478882435878e+00
1.498298787561576306e+00
1.570371439361350152e+00
1.633139016891830053e+00
1.497291193851832070e+00
1.559744008657888203e+00
1.681439475518610838e+00
1.670235829021019969e+00
1.885008738547737650e+00
1.765309218374536249e+00
1.694758454557549365e+00
1.678754302627798012e+00
1.618479214602748906e+00
1.672565845462567369e+00
1.595713947813991007e+00
1.597706850009348978e+00
1.754077402902617822e+00
1.650581027228393838e+00
1.647937056030768455e+00
1.655488475091509093e+00
1.626260264156086377e+00
1.589471558005065788e+00
1.649893083931188720e+00
1.642567421410247919e+00
1.883303969912623055e+00
1.772823970897581924e+00
1.883750712677717765e+00
1.640577883405875736e+00
1.688004762224180055e+00
1.761798027598083127e+00
1.674044490104120486e+00
1.853111175664888144e+00
1.804755316269173182e+00
1.766255115619306260e+00
1.753712804403839254e+00
1.679985977908253103e+00
1.713405448818007493e+00
1.586592728102070637e+00
1.483318395896696007e+00
1.434377523967414136e+00
1.707958800579052250e+00
1.628459944262083736e+00
1.508758345511577614e+00
1.535143773615526230e+00
1.646532108786133319e+00
1.590886734843796724e+00
1.708326326258153616e+00
1.569125228386732740e+00
1.628360275746078223e+00
1.538856622711682220e+00
1.577414386880208630e+00
1.534684649254198563e+00
1.601098832338770261e+00
1.534557744037874816e+00
1.579741862666335983e+00
1.518664624925408102e+00
1.644964490637037313e+00
1.685944661736195282e+00
1.593009784780970106e+00
1.612806157108714888e+00
1.540891532293508837e+00
1.510442232174021626e+00
1.591993106722583651e+00
1.624093574575702803e+00
1.627239783898203562e+00
1.628870166854097912e+00
1.642107056728477232e+00
1.603941026930869596e+00
1.765471864091638032e+00
1.674761697455541487e+00
1.453249676048278261e+00
1.681507568766654082e+00
1.546231565830104238e+00
1.801540213124658951e+00
1.876115746796982231e+00
1.834321580215952485e+00
1.756025545344106265e+00
1.595206222336629009e+00
1.838839599034667316e+00
1.652734190716221407e+00
1.690902699078788096e+00
1.849533787705402554e+00
1.762344904308138727e+00
1.699419030949741449e+00
1.601100374095035139e+00
1.789412480135255779e+00
1.828772058476060725e+00
1.722357411014728390e+00
1.748727407269281775e+00
1.768873980129081813e+00
