1.568893544624877068e+00
1.428520029169597194e+00
1.535743347953101523e+00
1.629571980423843769e+00
1.519005919389513792e+00
1.580874801489149384e+00
1.533492100701980831e+00
1.843876759298880064e+00
1.573179257201323900e+00
1.623243847885530666e+00
1.612532888131374742e+00
1.625447066506000127e+00
1.674202311652789765e+00
1.668591097003528922e+00
1.659731020967823989e+00
1.618026168090670680e+00
1.716882782551569342e+00
1.703975998300790495e+00
1.675755534560273929e+00
1.726651540417466046e+00
1.857706605716883841e+00
1.774783721443407458e+00
1.685089338135190129e+00
1.737481929360312538e+00
1.713443662528469469e+00
1.597984761587062374e+00
1.593620811864569609e+00
1.647424294630737585e+00
1.541009022803754291e+00
1.529784987095854198e+00
1.618968419431727535e+00
1.736065855785304590e+00
1.636154762256328388e+00
1.610340483235585207e+00
1.611212355186165679e+00
1.592963107692483282e+00
1.639638001560521419e+00
1.537843430274664858e+00
1.486250099069426733e+00
1.625606276116029481e+00
1.609436145390029882e+00
1.493641230043838197e+00
1.523427262462231591e+00
1.673477010329671888e+00
1.506931560014717508e+00
1.508452465867756054e+00
1.618567212596168758e+00
1.621776527561644698e+00
1.570524697111224555e+00
1.605017676926365100e+00
1.731594888584358394e+00
1.675369201071865488e+00
1.621517567678537386e+00
1.632550018190655150e+00
1.634388392260001099e+00
1.671443616902742679e+00
1.655635578798279051e+00
1.703662398228924735e+00
1.792361317500686946e+00
1.721815192283087992e+00
1.666510687876895602e+00
1.755093914571541180e+00
1.672566581156790244e+00
1.703053855072635292e+00
1.680777971272314542e+00
1.744516701125708780e+00
1.703581602938899930e+00
1.698118410902360154e+00
1.645122886384158933e+00
1.759087964334149268e+00
1.737018947278041514e+00
1.729072553005205570e+00
1.707980162081906617e+00
1.699215320957879305e+00
1.623059632433876409e+00
1.543233685293495361e+00
1.695724006721892385e+00
1.559592450519501350e+00
1.738621253963758884e+00
1.708845454180188961e+00
1.762884087223042240e+00
1.660086036410556520e+00
1.695931988778719868e+00
1.648174803573999370e+00
1.690592816011244226e+00
1.820305257371662266e+00
1.772935988181728595e+00
1.771109373414523125e+00
1.767139518145421917e+00
1.659250256166693527e+00
1.765121443549935831e+00
1.792500431913169434e+00
1.772772910219344800e+00
1.803215058513462088e+00
1.780606689670555021e+00
1.723897937498718891e+00
1.844769328027504374e+00
1.822654298878420454e+00
1.749772525601077433e+00
1.820767529229940340e+00
