3.737626471130535144e+00
3.493476575256769578e+00
3.520569619589581034e+00
3.615693602428724063e+00
3.590291541524886387e+00
3.447187628078208999e+00
3.594124509225318675e+00
3.626823260441970120e+00
3.628452308379649605e+00
3.580541562262251620e+00
3.699984008799742430e+00
3.578747525467227852e+00
3.561393290026771297e+00
3.566841062823423503e+00
3.770138212702564218e+00
3.589604104759522407e+00
3.397884763392367446e+00
3.471736400993018279e+00
3.707781251946017154e+00
3.796212093671942345e+00
3.666880062514768390e+00
3.634570068080209992e+00
3.570097590542663735e+00
3.750501300374941227e+00
3.574888142344399888e+00
3.677640508532967534e+00
3.634066472529518421e+00
3.639178700257004184e+00
3.592395108557160377e+00
3.364409002024121076e+00
3.562202648294339191e+00
3.510858360255801891e+00
3.639359812486092416e+00
3.580070123927184156e+00
3.596531166368904131e+00
3.779584326889739998e+00
3.566405764224965580e+00
3.522218029022226915e+00
3.563920205152656617e+00
3.699116227994343031e+00
3.622360550444589933e+00
3.499354677542240388e+00
3.609195014016548519e+00
3.539290658884367780e+00
3.594912140346280260e+00
3.637768237493872459e+00
3.547769736052813538e+00
3.530530815735448691e+00
3.707271512696599824e+00
3.527890949708575086e+00
3.732431756387178279e+00
3.874300192812962340e+00
3.520685887365373024e+00
3.714054009295577607e+00
3.632982463653724903e+00
3.633113029330118149e+00
3.644731923658147466e+00
3.621186571573824509e+00
3.625464456314678063e+00
3.496275639779038880e+00
3.832801135468762332e+00
3.589260250790545115e+00
3.635997733505712315e+00
3.722008445137046095e+00
3.658346701919366950e+00
3.399695631015205333e+00
3.459864293334000251e+00
3.534924340011650123e+00
3.699029577990518014e+00
3.418322715203768958e+00
3.515335523485696445e+00
3.684819141202403170e+00
3.686850649668302893e+00
3.489302818381382565e+00
3.571789834391247531e+00
3.611513553821715572e+00
3.741397025485937888e+00
3.660993092457727638e+00
3.648734091699769255e+00
3.663845203452436916e+00
3.549170132066178152e+00
3.564785285615319044e+00
3.461992359082114223e+00
3.564545261479463711e+00
3.596958627965599398e+00
3.614510518905321046e+00
3.656790167213773479e+00
3.584124055165381684e+00
3.732538313251679174e+00
3.600224797681932376e+00
3.670981452973848036e+00
3.686682013871277253e+00
3.447018143516475064e+00
3.743158181661045525e+00
3.778947954463701908e+00
3.594407441260553338e+00
3.592525115593701912e+00
3.660914140441822173e+00
3.530412127885867779e+00
3.565177489902536134e+00
