1.302683734349771916e+00
1.159587077975968272e+00
9.218772446592257142e-01
1.065427922071888744e+00
8.985052728784482801e-01
8.525779420562213939e-01
1.176669686328116082e+00
1.466202304417031588e+00
1.042691530505661657e+00
1.137418359288778991e+00
1.231009196741031486e+00
1.620148409602259809e+00
8.846620388520710643e-01
8.674322563257153007e-01
1.239367264700189875e+00
1.143060022220904859e+00
1.091784466181847879e+00
1.095884550275763258e+00
9.812940553313874714e-01
1.143820742099337373e+00
1.110122012637995814e+00
8.471182025505274993e-01
8.056506799391373042e-01
8.691089986453227612e-01
8.307367093231745603e-01
1.217380171536611710e+00
1.491070616103685742e+00
9.364864688452497754e-01
9.754837058855895249e-01
8.426407652557287298e-01
1.627865234657779769e+00
8.091670542105197095e-01
1.280319302367597833e+00
1.843199799073307332e+00
1.413222083570747412e+00
7.935508259009981247e-01
1.688225027159030223e+00
1.324821882862359912e+00
1.344911106779991039e+00
1.401878332500996027e+00
1.239129228306146357e+00
1.175210852077421819e+00
1.896627211515077516e+00
1.053134267445749561e+00
1.354791796800646653e+00
1.010754401887400622e+00
1.165129700910911614e+00
1.408294523437211510e+00
9.143336836989491845e-01
1.023408630854027335e+00
1.183224803659289392e+00
1.364499059375138712e+00
1.369835092138568022e+00
1.587395142536451642e+00
1.074027483458542154e+00
1.193695485724985295e+00
1.285952895311317734e+00
1.089877627635340573e+00
1.373607035583473968e+00
1.539018116350237886e+00
1.266565368181026718e+00
1.331506452668232532e+00
1.344836568359482509e+00
1.120181367901440295e+00
1.281732209275638912e+00
1.229165618041991426e+00
1.048890657916045965e+00
1.360292934974279389e+00
9.646223487947498398e-01
9.868710209889062224e-01
1.070102023926946755e+00
1.424961576708379418e+00
1.142479642890274816e+00
1.256604699227078958e+00
1.273311193403571906e+00
1.345597938041932062e+00
1.267305229640782072e+00
1.310616472481264561e+00
1.203998118429835840e+00
1.111223933999422320e+00
9.714459403061852516e-01
1.362667488874797828e+00
1.169774512644259357e+00
7.519196938158658750e-01
1.005109020514990181e+00
1.339210876281000440e+00
1.114519734361897996e+00
1.163943571570936530e+00
1.196119386229551163e+00
1.465746778348338442e+00
1.313789753131309634e+00
1.148567815987368457e+00
1.028398655246965054e+00
1.422507797674740671e+00
1.299951220875689151e+00
1.399186465948771607e+00
1.487856961727063831e+00
1.751732042232365893e+00
1.290979867640983159e+00
1.096513646844595735e+00
