6.554587100736933847e-01
3.808800988242594943e-01
7.424245821532502454e-01
8.178820299870688260e-01
7.566730891642782231e-01
3.747011094020334943e-01
6.952574583836502731e-01
5.709999400084537768e-01
6.924109165646894493e-01
8.984470740979784154e-01
6.010301111776192862e-01
4.932540024336329321e-01
8.328054870454614234e-01
7.239327558917707517e-01
6.805783743802417129e-01
5.511251009361066711e-01
4.515944151585302713e-01
6.069540935703442441e-01
3.205026442224583882e-01
4.947651857224146243e-01
5.399306095678909623e-01
5.558772639445240804e-01
6.257573651529397818e-01
5.932127993009848055e-01
5.298771809773366037e-01
5.222007665074694938e-01
4.878241262896504948e-01
6.756745263397119228e-01
8.686409075938941182e-01
7.913171973671032644e-01
6.841656818157516584e-01
6.697637047788048692e-01
5.942020108632646291e-01
5.261902177506455613e-01
8.916908388563041798e-01
4.122951019690756502e-01
7.117486509919618287e-01
4.304670340132103479e-01
6.551231395355398002e-01
4.750050013113654712e-01
1.034737492139847337e+00
4.428933936973289964e-01
5.240856549655354968e-01
4.102499170194983669e-01
6.319304436132096026e-01
6.056295247150135230e-01
3.321716064922860534e-01
5.655776105282194210e-01
6.379362197560345393e-01
6.278764998873207492e-01
5.621129690821561331e-01
5.740197245609928167e-01
5.511158520802681426e-01
6.577407792795205710e-01
5.659392864613220775e-01
5.965010818969029849e-01
8.389101091460208215e-01
5.057805864225093373e-01
6.998271154732089716e-01
4.825462533571945323e-01
7.198532466287292930e-01
5.744819188747555261e-01
8.699931652680279459e-01
8.638994709400104055e-01
7.793651774744774219e-01
6.010046741821407634e-01
9.351867989641183820e-01
6.896459638975313000e-01
7.047817833074249139e-01
5.411954053254858232e-01
5.690989272286937073e-01
7.857930119254384893e-01
4.266026678562440111e-01
5.000213532561523788e-01
6.871310716107394967e-01
4.654276044273137347e-01
6.602137104425898073e-01
7.850963449945770334e-01
6.124098239019174494e-01
6.493295136061221218e-01
7.980317612072290734e-01
5.382408195706319676e-01
5.663236201089201227e-01
4.913113035308452337e-01
9.846163604107787126e-01
6.912479283964955146e-01
6.656680607035231345e-01
4.945012978424148109e-01
5.750561112198619984e-01
3.874796884556025445e-01
3.776386147240716751e-01
6.395371144124597507e-01
7.943329609339903064e-01
5.771850345532525406e-01
8.372638635555023079e-01
6.441513029265100165e-01
6.792413794332083921e-01
4.341747131396723192e-01
6.271423648566541997e-01
9.371742589466405260e-01
