3.672368988153539515e+00
3.747749909246017808e+00
3.504371556532902776e+00
3.806897073334009729e+00
3.483970310431601103e+00
3.607212638127387017e+00
3.464667085312984174e+00
3.598958407354884148e+00
3.449269969789894752e+00
3.555828908502561614e+00
3.622582558497864813e+00
3.530861311108316247e+00
3.607517384039852004e+00
3.631459703680235407e+00
3.675333660444774608e+00
3.732600776810190535e+00
3.577119859485427877e+00
3.823301056379198926e+00
3.731614704185966414e+00
3.510623324595303796e+00
3.706178363036435552e+00
3.595435691104276188e+00
3.686220640349425537e+00
3.567340459285511134e+00
3.869816960111474913e+00
3.715550949954615767e+00
3.582700659301446322e+00
3.718230160354250469e+00
3.840604287008041240e+00
3.570124351363136661e+00
3.649728815812176119e+00
3.542096686887812318e+00
3.651752529298596617e+00
3.774749980434400243e+00
3.591755683412605205e+00
3.691898549399835971e+00
3.623918866777430914e+00
3.352416912351287248e+00
3.583230474922633135e+00
3.511345893365737325e+00
3.730490192428478124e+00
3.675131560036462020e+00
3.517357716844399018e+00
3.702988488977674741e+00
3.767136696784797678e+00
3.450787732225567783e+00
3.653225664432054653e+00
3.551179330970954506e+00
3.703221451376586426e+00
3.393106634615709716e+00
3.775597548844816131e+00
3.710369695145992797e+00
3.635924119340090410e+00
3.737837319952659332e+00
3.562532673393077776e+00
3.633786932640492129e+00
3.836660741212611025e+00
3.689517203576600846e+00
3.562779300215652700e+00
3.535222786427806962e+00
3.684160783503386494e+00
3.698304300829973634e+00
3.557035857631362763e+00
3.630187475865867430e+00
3.644002346015402516e+00
3.474238670934098216e+00
3.640522371932018331e+00
3.438058004140752910e+00
3.477153397529217926e+00
3.694567166002549641e+00
3.776432193816876115e+00
3.562352899008573104e+00
3.601643315593550554e+00
3.501563147134145737e+00
3.509141710606292985e+00
3.725566435578649305e+00
3.728710330343314450e+00
3.722080046085038951e+00
3.526801849211238959e+00
3.624961278489559291e+00
3.602708831725156990e+00
3.745203383429012156e+00
3.678866576875823746e+00
3.785098407781007257e+00
3.550902755472943539e+00
3.547502578733590983e+00
3.642794482100780051e+00
3.693309689074316893e+00
3.730088385200091672e+00
3.623361096760015609e+00
3.709364266567985791e+00
3.695976506517513638e+00
3.562836417488324248e+00
3.539468479882796004e+00
3.666466693620902273e+00
3.512233156915631316e+00
3.791849325204437182e+00
3.503838716798676867e+00
3.518606850993746704e+00
3.745716178454358669e+00
