1.376940937645297902e+00
1.343223938369043635e+00
1.455201358303532144e+00
1.476509526887429757e+00
1.445070782599690018e+00
1.339605312361760392e+00
1.329326635255175804e+00
1.534176174561650674e+00
1.416026463865181828e+00
1.362142437978840048e+00
1.375416873299410980e+00
1.457534324317139474e+00
1.437768164765844459e+00
1.569049119516239266e+00
1.318851227512667146e+00
1.331406091742528330e+00
1.271223676035233785e+00
1.309542949577851445e+00
1.319629579216764714e+00
1.463104022990673325e+00
1.359297375577945388e+00
1.354489010103730129e+00
1.397142520001118715e+00
1.246703436988024105e+00
1.277851120226499715e+00
1.347429081256145134e+00
1.446878107906151678e+00
1.492446971776318909e+00
1.435869613073814000e+00
1.337394757427153413e+00
1.371289985664104982e+00
1.342696062301686144e+00
1.331907929962600878e+00
1.508566882121860742e+00
1.536198624748299268e+00
1.390078345330018283e+00
1.582129644826828496e+00
1.518347343911105485e+00
1.415255806832482754e+00
1.414756878112415572e+00
1.537327279743532005e+00
1.723727556025293595e+00
1.470121792590360910e+00
1.548602581707835268e+00
1.549035008143404779e+00
1.481350385578230178e+00
1.579680220568210780e+00
1.521102735721196364e+00
1.699683560270308424e+00
1.630748401807600168e+00
1.520499401480561508e+00
1.523841987309580537e+00
1.482251796613764938e+00
1.497553333177563006e+00
1.534025765214347858e+00
1.632252896203843617e+00
1.546098350364377261e+00
1.407596976444589476e+00
1.357127295102886322e+00
1.485078155629375063e+00
1.388615351823564881e+00
1.401826866887670109e+00
1.436512911877895204e+00
1.417396089603411014e+00
1.551797834706527990e+00
1.489487752977274759e+00
1.483365715634861859e+00
1.449950667044607400e+00
1.423582541617812058e+00
1.556958190080053983e+00
1.667321304877219967e+00
1.613778394504004066e+00
1.661247904040018764e+00
1.609267685432552941e+00
1.557630395403504009e+00
1.518661163415420345e+00
1.547009541742756289e+00
1.503411873716363312e+00
1.569809496675564908e+00
1.497557876173083224e+00
1.545765839224060079e+00
1.561324068168140622e+00
1.668577790414419448e+00
1.569864327438895257e+00
1.559922280281300866e+00
1.534472911532385853e+00
1.446017383844354187e+00
1.582598383338944537e+00
1.613605665093075237e+00
1.458945645896262411e+00
1.698940911749134752e+00
1.881341086645515359e+00
1.683170406916822293e+00
1.555221604713773242e+00
1.489588818263931635e+00
1.580240547169665222e+00
1.471513463235016861e+00
1.564963349012919558e+00
1.453198184638264223e+00
1.523090671178713551e+00
