3.625561225812844235e+00
3.612773005845428376e+00
3.721879874542209699e+00
3.692906189380097626e+00
3.641288446287692437e+00
3.485214813312410786e+00
3.588307139388700495e+00
3.665378911312190180e+00
3.622823746548514467e+00
3.395537200917458698e+00
3.517518419820035547e+00
3.409640983967594519e+00
3.701865121586675578e+00
3.897585991230674729e+00
4.069563785356812069e+00
3.519748968935008548e+00
3.557884438793366577e+00
3.559989495422128947e+00
3.725137268689885595e+00
3.579505422444873908e+00
3.656483781097119135e+00
3.576428713009164984e+00
3.616747052679996077e+00
3.481116950901857798e+00
3.556179790251043471e+00
3.563692914216602503e+00
3.588741337224338857e+00
3.623719317177905630e+00
3.722733431852195185e+00
3.397186137792933547e+00
3.524735847087887564e+00
3.682417733616435207e+00
3.720218665206469932e+00
3.569098429283029006e+00
3.566609215495964769e+00
3.795690494850069374e+00
3.558355558565855503e+00
3.670559237774077666e+00
3.680704414706338135e+00
3.610973228401107349e+00
3.837691618385470793e+00
3.646320601069879430e+00
3.516418796840201200e+00
3.686589324781596844e+00
3.474092788010905597e+00
3.543761148959079677e+00
3.676999929889371632e+00
3.863911663530352758e+00
3.797604825460531242e+00
3.607768909787149703e+00
3.684597623794404253e+00
3.593223146046882199e+00
3.721405908868901768e+00
3.680389453462215688e+00
3.874697674235249689e+00
3.589180074700028644e+00
3.700779692619220906e+00
3.639849371561385549e+00
3.661796825289680424e+00
3.817426848435178321e+00
3.748382943425517144e+00
3.621250838564175289e+00
3.769230486583311279e+00
3.538492386170487780e+00
4.049859123083259682e+00
3.753193878930194405e+00
3.481570654103564255e+00
3.762589898328564164e+00
3.972339201897328476e+00
3.565947330419992234e+00
3.545096045939001961e+00
3.631255406431401767e+00
3.624290497373980013e+00
3.618178309977416074e+00
3.508075695489380141e+00
3.557175035652535566e+00
3.730330563430747315e+00
3.593959122872376621e+00
3.487867242026318149e+00
3.461214574372683206e+00
3.701881868710938051e+00
3.573761611009483641e+00
3.893821872503124393e+00
3.602020597996893780e+00
3.624805338510647346e+00
3.762684946251509288e+00
3.518256116672475287e+00
3.715099629905653789e+00
3.787505982822331863e+00
3.449237645093679916e+00
3.613845518455503836e+00
3.731474635368288162e+00
3.529536832910275201e+00
3.573835797466633046e+00
3.654157209653666971e+00
3.701935115304615387e+00
3.685966204284923720e+00
3.721551536896826828e+00
3.716482739393808910e+00
3.523720027133307120e+00
