1.561017936458022781e+00
1.528145159723415025e+00
1.465057259270327039e+00
1.731202480004060185e+00
1.447139643180251012e+00
1.652103613452777342e+00
1.558628216796116073e+00
1.621629463211359479e+00
1.753534092677043077e+00
1.801889854231568000e+00
1.820007776655996556e+00
1.774671205056715939e+00
1.603907786144534775e+00
1.592316855198300907e+00
1.501626829056698753e+00
1.681095407220999371e+00
1.455310794964734145e+00
1.537457635219066088e+00
1.423984929189827220e+00
1.531477949853828679e+00
1.476027920839729779e+00
1.458679187990552961e+00
1.712135016392532627e+00
1.440583779605540293e+00
1.494487094520567050e+00
1.505765911734770590e+00
1.407780773026752863e+00
1.488007582070083101e+00
1.465716339238149146e+00
1.694120925932813826e+00
1.642406519881464577e+00
1.407663344827458918e+00
1.619070532004033947e+00
1.592047485287152231e+00
1.561598088426313868e+00
1.571450479792588117e+00
1.482478506570573007e+00
1.408711148956222292e+00
1.507964543905953025e+00
1.639223344272266347e+00
1.439986414737289611e+00
1.451357551185809447e+00
1.351197680858399419e+00
1.370030829707465037e+00
1.520964752273016751e+00
1.388481671767167969e+00
1.347229922034405059e+00
1.510316323753606360e+00
1.525186666764078769e+00
1.560268526277284185e+00
1.383766062997253465e+00
1.418354470945302204e+00
1.419616123068314639e+00
1.485333370480343307e+00
1.456480834951882075e+00
1.434430881189042273e+00
1.557219876680129289e+00
1.454665240445013108e+00
1.520532585805661530e+00
1.466967598351176294e+00
1.419335531662980987e+00
1.448220837428889185e+00
1.447223633324418168e+00
1.513510839178105805e+00
1.456205090666623736e+00
1.681488104194328592e+00
1.541518566287850778e+00
1.531448064553118105e+00
1.531089110093464045e+00
1.675907296342996622e+00
1.569797850635634040e+00
1.482592747595310234e+00
1.485436874430362320e+00
1.550380679013693141e+00
1.499192773893469166e+00
1.416081498381146941e+00
1.464478922644393721e+00
1.614211890603288957e+00
1.537038777710011628e+00
1.574223179796908179e+00
1.623756828195609403e+00
1.706992745398472122e+00
1.758459932364582867e+00
1.631262616836364865e+00
1.648380326790982675e+00
1.681958139245439465e+00
1.704548718329809365e+00
1.708815852373712030e+00
1.735802067145971295e+00
1.779848388090027544e+00
1.730465111199446904e+00
1.689679319420596570e+00
1.763272409141922736e+00
2.028029098271738384e+00
1.738353594212650455e+00
1.708724865464639864e+00
1.753002195801251384e+00
1.751097671425296598e+00
1.592171930437838334e+00
1.892002298761103374e+00
