1.237654969604855104e+00
1.199705143763525994e+00
1.058298086071417732e+00
7.869600248266104270e-01
1.115787986226022710e+00
1.299250638697724725e+00
7.604725574474333616e-01
1.063358540082287806e+00
8.416404387910866314e-01
7.507277149562368024e-01
1.333951751538721586e+00
9.753777119333085777e-01
1.361950709988786645e+00
7.129285409378257610e-01
1.239482953820125966e+00
1.347303903548150661e+00
7.875755608222164694e-01
1.041694773868866664e+00
7.858800945876591726e-01
1.487720205563324072e+00
8.383467494786561724e-01
7.083149577499784355e-01
9.954349621631048972e-01
9.228460868896806168e-01
5.073954701324311367e-01
8.268265739191401620e-01
7.527577992080902725e-01
1.083348460795722001e+00
5.189007759344134163e-01
9.348919059290424771e-01
1.159710989108057033e+00
1.090169609456880684e+00
9.947212568564436364e-01
8.265003392711723906e-01
1.138208285190428048e+00
1.371682374572221752e+00
3.725276164822927116e-01
9.863587209321705851e-01
9.366897112161323147e-01
1.102098500615926513e+00
1.448442524283399147e+00
9.322279307520773273e-01
1.180153379934764102e+00
9.333404284843421772e-01
7.713648533594114065e-01
8.726332833094759822e-01
7.716846587729515594e-01
1.245025115622520939e+00
9.759232635182506499e-01
1.210624163704438150e+00
9.783019632639529117e-01
7.508167559792189305e-01
6.983576248325544800e-01
1.037528858005791754e+00
7.924304994187364448e-01
6.262938260562043169e-01
1.395021823659570837e+00
1.003345649816950846e+00
9.146914239207645236e-01
1.160853242210163394e+00
9.398203069828381384e-01
1.504525200887874670e+00
1.004342066738183714e+00
1.377351498309626443e+00
1.337579703252818941e+00
1.542873366734895058e+00
1.055746328036589743e+00
1.583800875638213812e+00
1.077435885825692052e+00
1.243167029774887355e+00
1.134385111236691834e+00
8.930897509476489748e-01
1.008319508042804014e+00
1.320350210861580109e+00
1.238881451649621823e+00
1.103634975153989117e+00
1.011440361971472246e+00
1.161657016134136411e+00
1.125541354990718723e+00
1.381696957621726396e+00
7.086652183110550007e-01
8.903420476460757182e-01
6.394817055573905895e-01
6.720401579654218249e-01
1.029850251270318484e+00
1.104063600046714555e+00
7.103679771824181755e-01
7.022697482546348402e-01
8.294927236348954569e-01
1.440524335192348016e+00
1.031875131270757029e+00
1.210287860981860142e+00
1.331452547851914359e+00
1.699357774893449191e+00
8.485161595658676781e-01
1.033291346072943373e+00
1.068945983694691293e+00
9.949357808950096693e-01
1.229720174636016239e+00
1.157319303874284833e+00
