3.562041280672325616e+00
3.602796089955741632e+00
3.513410375350655812e+00
3.678826362048309484e+00
3.714793476977420905e+00
3.574980068532059185e+00
3.538898625114099694e+00
3.581703939598390729e+00
3.978355784791298699e+00
3.803133035859535660e+00
3.681023305221973629e+00
3.638072527566659886e+00
3.547154667568638953e+00
3.726564585945752572e+00
3.876463885426810307e+00
3.561939758863399863e+00
3.743899882751614783e+00
3.484088178711400197e+00
3.720961291821768047e+00
3.515760482441265822e+00
3.952329681928221650e+00
3.890766962545583407e+00
3.783886717673198508e+00
3.768079766473820147e+00
3.978665693821515692e+00
3.858836425791330349e+00
3.526631183851434592e+00
3.715733902841487080e+00
3.658960095747292307e+00
3.564065246911580331e+00
3.600240724059810216e+00
4.130874977215509780e+00
3.517970739639700639e+00
3.596869613950292699e+00
3.656541338471476443e+00
3.658746862556395918e+00
3.414715116248615789e+00
3.682515198812267521e+00
3.640726719463238226e+00
3.878476252623535458e+00
3.454406478184800733e+00
3.838270901997498985e+00
3.700041072521611518e+00
3.591383238924066301e+00
3.926517174927687925e+00
3.638472707847278720e+00
3.604072493530622534e+00
3.804033933537345646e+00
3.531624844424158027e+00
3.510703238543841476e+00
3.664752974380756090e+00
3.456368741878954154e+00
3.607780448590962141e+00
3.616955635499047084e+00
3.403743111195302262e+00
3.718249871286516850e+00
3.726058371078486253e+00
3.708678467712745341e+00
3.716372079488508451e+00
3.583382982557716367e+00
3.559359467387342324e+00
4.034779499144952375e+00
3.571967282825715628e+00
3.494119804272269203e+00
3.536749172383747641e+00
3.882759019300452419e+00
3.586400010403528071e+00
3.596068387815013701e+00
3.719268743148286926e+00
3.617927126876398169e+00
3.741719613756038676e+00
3.744223128326498617e+00
3.933091291826286362e+00
3.767065662663374503e+00
3.882627350303055724e+00
3.798445601099893487e+00
3.525440692360851447e+00
3.663076003801320368e+00
3.850534537179187033e+00
3.569728598368917982e+00
4.105576975229210390e+00
3.557898162837905165e+00
3.573172988081286139e+00
3.729094483611886890e+00
3.790245229406836280e+00
3.793041982710945170e+00
3.680738571511356749e+00
3.522558912458453761e+00
3.810250695590554404e+00
4.043208124697998507e+00
3.420906269634194974e+00
3.561889756469001522e+00
3.580860429881120410e+00
3.573129255819577743e+00
3.865226760849261201e+00
3.691954801256709828e+00
3.760461208151339108e+00
3.545374672966062235e+00
3.765387907350020047e+00
3.766888570355011012e+00
