7.544036724473931477e-01
4.380738994582397683e-01
1.489139552219916007e+00
9.279292206825333622e-01
6.874951547928870310e-01
7.091738499952306984e-01
4.804311940482673404e-01
8.478339413547445469e-01
3.963790037733385119e-01
4.558076874593302019e-01
7.206115919928793856e-01
4.481822157655044325e-01
5.814692804200543019e-01
6.239660264314436100e-01
6.876969303446578419e-01
6.780103838523108273e-01
8.450526284845937264e-01
7.580508716320294438e-01
8.687160884019970997e-01
7.193454764859256167e-01
6.094678375836902751e-01
7.774981814878295650e-01
8.655089898000692950e-01
4.968900709810009642e-01
8.683818227632880138e-01
3.927305130030340763e-01
5.327855972351274172e-01
4.731015939663283931e-01
8.639149661722921314e-01
4.356547116747462867e-01
4.797536918259858729e-01
5.918388892246654320e-01
3.347253500327019293e-01
6.974034130349865412e-01
7.492189350178104501e-01
9.491730729938273603e-01
7.375508991403192383e-01
6.526901660610634481e-01
5.849441993727074740e-01
7.265910436481983758e-01
1.075716961837375862e+00
1.280906186429755955e+00
1.303416964882481599e+00
5.430684111248034185e-01
1.089911161139602847e+00
5.227324248119094019e-01
5.542424497195304056e-01
7.333950141740698259e-01
8.824312044404450939e-01
7.877367633906081634e-01
4.590395501388322419e-01
1.232037183733343477e+00
9.042061916084433992e-01
9.592369541630993979e-01
1.021475004289567279e+00
9.930109289664924566e-01
1.085625917493250991e+00
9.293496545059579672e-01
1.046716157466442532e+00
1.417716470406473084e+00
1.311430985075466626e+00
9.487824541892643238e-01
1.129517347322495979e+00
1.041815383866479428e+00
9.754912567991179673e-01
1.116636533980340351e+00
1.667907621127463713e+00
1.110787800581633178e+00
9.008798441577654526e-01
1.196598274376154736e+00
9.776937752003669324e-01
1.202957350974112494e+00
1.004874540684964401e+00
9.030409905183306440e-01
1.162346716069889041e+00
1.123095526196363547e+00
8.727645239853165648e-01
1.316539548847389440e+00
9.478737812301715193e-01
1.172795066728121061e+00
9.297095158824589811e-01
1.215942090081030935e+00
1.042676404979459681e+00
1.325748890240155298e+00
1.046736056572737272e+00
1.273914520023394337e+00
1.041904167513628909e+00
1.151966245082939100e+00
1.023055098610821112e+00
1.014949485289104558e+00
1.198803939633658722e+00
1.262525661014078038e+00
1.081338051475472017e+00
1.357706245991272764e+00
1.146857382768466493e+00
1.194891042105742152e+00
1.210276371168169884e+00
1.303504187406229642e+00
1.208360539344914386e+00
1.010746978783775729e+00
