3.550864447819237046e+00
3.589544299789577231e+00
3.577652386059333445e+00
3.545646095573899093e+00
3.576758938198699944e+00
3.835367893419079799e+00
3.666924746004069480e+00
3.473155389740930410e+00
3.545235773972624571e+00
3.738931709782129076e+00
3.562675587598690630e+00
3.896246661912144749e+00
3.879928696104207653e+00
3.930853289063826139e+00
3.541431127961793379e+00
3.811978661914197986e+00
3.395912267282418462e+00
3.893066270141642526e+00
3.418880034116622113e+00
3.836785314131911484e+00
3.524173525210330560e+00
3.649233733221521891e+00
3.584031455208507744e+00
3.566095127270973553e+00
3.645792729713022595e+00
3.699550055099458223e+00
3.408641827593762219e+00
3.623128604076040205e+00
3.476907972996639007e+00
3.538782801829762459e+00
3.604567950794402176e+00
3.588948867129998277e+00
3.672642617865239156e+00
3.655651765950447718e+00
3.541130882507277366e+00
3.490639519258081247e+00
3.701192736317703957e+00
3.464336115183951570e+00
3.552856841044921499e+00
3.649289026832284843e+00
3.685284455511679269e+00
3.631689988602479602e+00
3.449364344694984208e+00
3.596207601058162506e+00
3.580722035125939673e+00
3.279358340764253033e+00
3.562531631167893842e+00
3.450521000271611793e+00
3.593440522779159707e+00
3.550694957399290974e+00
3.459193527382883548e+00
3.883018361735717239e+00
3.607463386688501750e+00
3.915828498623744380e+00
3.725590147484932224e+00
3.742192030000451197e+00
3.458958278293947419e+00
3.641712744838963456e+00
3.734616246498766223e+00
3.613099746333479967e+00
3.577846182435247879e+00
3.563858892424783154e+00
3.413110765656788725e+00
3.456068190388839501e+00
3.508166896312189920e+00
3.459601541038569650e+00
3.603181541081406092e+00
3.603225106500649755e+00
3.560109379171362498e+00
3.616976892808792865e+00
3.544145611679123231e+00
3.517170494905126343e+00
3.648642336508315154e+00
3.595757076544519482e+00
3.496990036443343719e+00
3.637070031298675232e+00
3.731951238309147101e+00
3.531339329543525363e+00
3.621196387077623591e+00
3.830534100172162670e+00
3.799018141700171824e+00
3.606677198223993575e+00
3.556497862593573700e+00
3.452845351962114506e+00
3.513509082815197804e+00
3.552273125294225675e+00
3.563351502874771537e+00
3.572073242947641170e+00
3.488025408700150543e+00
3.581715240694308910e+00
3.457993553824151078e+00
3.537430700264845296e+00
3.731233433825926760e+00
3.443842655645485085e+00
3.569916437528345643e+00
3.613515417380756212e+00
3.467208222845476140e+00
3.604196008137547036e+00
3.580027159382694446e+00
3.498611347913497926e+00
