8.929861024931362579e-01
1.130999259364763754e+00
7.621778856125049906e-01
6.225612265251249111e-01
6.696891936697306758e-01
8.259237104214328662e-01
6.581646413550934493e-01
1.135925758817293074e+00
5.427528718561065446e-01
7.819598748131338928e-01
5.483828996492918773e-01
7.461729616122487752e-01
7.762579448122066683e-01
5.608449779665134471e-01
6.476809816083798355e-01
5.075892080990913602e-01
5.111413816878648264e-01
7.473606124258844741e-01
9.961181548678301745e-01
1.062007433724060590e+00
7.498120902519519460e-01
1.195115769352184776e+00
7.130444778499545055e-01
9.750134937269618884e-01
7.237594479817315296e-01
6.873488717686686567e-01
8.010595185531623752e-01
7.202495785944876827e-01
9.039537913718435069e-01
1.003884363780740197e+00
6.518608479035717940e-01
6.283998296052666355e-01
6.324174622641223209e-01
1.326019866909055045e+00
9.253126401451450267e-01
1.134425306836475134e+00
7.962160259192778700e-01
8.423812555340666197e-01
6.387090154173058476e-01
7.362582996963776827e-01
5.123673921127750441e-01
5.157991393955951853e-01
3.593210712733186929e-01
8.557733821205888436e-01
5.867473060817347541e-01
8.860507840426155024e-01
1.262581171016604387e+00
7.161081208490268635e-01
8.859752249537902191e-01
7.103409263437566734e-01
8.516541164857217572e-01
6.075267155636879801e-01
7.806854255294766176e-01
7.410851273089607005e-01
7.237677800501233216e-01
6.406246609641622625e-01
3.084751659329728057e-01
6.774923276776754211e-01
6.042931343689870172e-01
6.939742513858072614e-01
6.406851255455122685e-01
6.065885741592398350e-01
7.300252827617506046e-01
8.431560186129584133e-01
5.843770273550573657e-01
6.046418100295797293e-01
6.727861873848290930e-01
5.857729147520007729e-01
7.047166592054823209e-01
4.075433448845336426e-01
4.196994968340522214e-01
5.966960515194418280e-01
1.027479631868610355e+00
6.323301765761006887e-01
6.264662180478962616e-01
9.809238570902757415e-01
8.762568884293543414e-01
1.425136579328744713e+00
8.211475574961153434e-01
1.145111035864606608e+00
1.020127698156965135e+00
1.294639014496965057e+00
1.145477070446190293e+00
1.045752920245044404e+00
9.609667532254509981e-01
1.076805111559686390e+00
1.060791287746778222e+00
1.120983809998240766e+00
1.111175707062975304e+00
1.010094873803803139e+00
9.331642918623102023e-01
9.590625292648236044e-01
1.065452390411459005e+00
9.453483602976244793e-01
1.069891961492661192e+00
9.051215328339569099e-01
9.643973140734645177e-01
9.895329925728989506e-01
1.075459314853459691e+00
9.623158115234200505e-01
