1.427181155295851100e+00
1.327009240350675023e+00
1.453931616117753123e+00
1.463021059963839354e+00
1.467201997694882021e+00
1.490533033452735800e+00
1.432352071334459298e+00
1.394510476106739283e+00
1.571618142993519651e+00
1.485047895560008824e+00
1.446077333919354446e+00
1.526409336406489681e+00
1.384347935975981159e+00
1.359555943499569652e+00
1.496543451520984780e+00
1.497724019383773753e+00
1.632378013141039252e+00
1.391481777078960924e+00
1.485359853666687879e+00
1.464103600465118449e+00
1.440480389381346926e+00
1.515145012267618219e+00
1.402064008222332570e+00
1.517343177744643112e+00
1.562967847678121247e+00
1.492273763114704499e+00
1.606899881702013477e+00
1.448174923641787348e+00
1.499264829693647494e+00
1.515085555131747697e+00
1.429116399657796466e+00
1.515289512817846962e+00
1.523288433082037985e+00
1.487966930909054408e+00
1.565790133662840367e+00
1.511498529631054577e+00
1.527447576579606281e+00
1.573514836013090834e+00
1.492748993434939386e+00
1.605271570792536018e+00
1.571115033812806816e+00
1.519241214319955180e+00
1.497612646327478814e+00
1.497955793304913463e+00
1.606199177204858497e+00
1.534528729125062441e+00
1.633570551004381199e+00
1.582280661922812248e+00
1.481535923821251544e+00
1.545255182605637545e+00
1.479176748861969815e+00
1.564557184217468366e+00
1.615536913589215473e+00
1.584965391545392066e+00
1.577463135310037901e+00
1.566172233740418251e+00
1.400994744328322161e+00
1.662816321868773928e+00
1.561393815462108980e+00
1.660577577505079727e+00
1.598832073400831888e+00
1.568598433382505153e+00
1.658764624282719202e+00
1.586363020248343858e+00
1.498838623909435563e+00
1.475640403657753064e+00
1.639301802620290571e+00
1.930442120018011298e+00
1.720900982068783280e+00
1.820129082402502041e+00
1.824653347837459139e+00
1.942070533508629238e+00
1.834668262992678711e+00
1.700867305587858258e+00
1.741789087126345059e+00
1.605389663696658697e+00
1.569051751422392060e+00
1.445470174395918850e+00
1.528197198423963066e+00
1.513610041877202717e+00
1.483710662963266369e+00
1.691031653529631473e+00
1.566339660076760509e+00
1.531475921560701003e+00
1.598308865183182492e+00
1.534733867314328926e+00
1.581735011877686059e+00
1.496718332574112686e+00
1.565256721859322075e+00
1.485190495032919999e+00
1.447745558091213747e+00
1.579294301516477095e+00
1.490569113351573272e+00
1.468452107963362563e+00
1.503510648807812267e+00
1.487396775619113098e+00
1.443569484709166906e+00
1.454990065153670686e+00
1.462004327035665963e+00
1.620047491763795255e+00
