8.484794260266564914e-01
8.366593920825164954e-01
6.969448099688304588e-01
9.747995372039507389e-01
7.743563721564032942e-01
7.825604150115712532e-01
6.182513598389828280e-01
1.243399404513134687e+00
1.323129225356815208e+00
6.112188589925936499e-01
1.010633366744990491e+00
5.885948549539291585e-01
1.122732618428508689e+00
7.133428796467522481e-01
8.947431470065919656e-01
1.127538596197543486e+00
1.024694766832201287e+00
8.839068180931496377e-01
9.828677070176901065e-01
9.271973968718532078e-01
9.059923536361741414e-01
8.591143312040820934e-01
4.603579264568880003e-01
6.455810356823072915e-01
1.087844722883592352e+00
7.372208174465370023e-01
5.097868507091103396e-01
7.979180937181444833e-01
8.697613997166158128e-01
5.251882245008173689e-01
1.071613823647288299e+00
9.711469771815457452e-01
7.213355902883503701e-01
8.369742225043899087e-01
1.394740428182966285e+00
1.062295305147977320e+00
9.135863093899772025e-01
1.250221275083076122e+00
9.288617590933406776e-01
5.199806175239621853e-01
1.051154587858189160e+00
9.185906322892346543e-01
1.366914439368792866e+00
9.253309200055745976e-01
9.930110929275911547e-01
9.785872774229102955e-01
8.522313643212304779e-01
1.264821132892322009e+00
6.510647140367729069e-01
6.151618761445155625e-01
5.762456157309127081e-01
9.470731361794184622e-01
9.430072403173151985e-01
8.923564192406761020e-01
9.517892307778668126e-01
8.383212977610273731e-01
9.756044212561146844e-01
8.967075669449665609e-01
9.511095707994019488e-01
6.648984149498500251e-01
9.869649259706693156e-01
9.687795543559322153e-01
8.189969101075623703e-01
8.576068933634430902e-01
9.447479530840111606e-01
7.647039247020801511e-01
8.132054932255822211e-01
7.924769104827996680e-01
6.238712061078832694e-01
8.432698120382562390e-01
9.360600533917938781e-01
4.873090328088491296e-01
6.558341035865323798e-01
9.930582765986909477e-01
7.676890944702507991e-01
4.823014938761622794e-01
6.411156196003580110e-01
6.175909698558323946e-01
6.745894934494727213e-01
9.515443008614627995e-01
7.456411355612808656e-01
7.633368120785624100e-01
9.805455182774789336e-01
6.355047276523340116e-01
6.350444935359739196e-01
8.265392247746422560e-01
1.141251574572970773e+00
7.942651170836020347e-01
8.126481348507965663e-01
8.501816381176672266e-01
1.034089900890292180e+00
1.022004881500128803e+00
1.671613941117944258e+00
1.098219769501206367e+00
4.933627963963106988e-01
1.155803396015872453e+00
9.026890083707684864e-01
8.420205479853746233e-01
9.466304637513200948e-01
8.490531110080017374e-01
