1.499548474883450000e+00
1.457412046336647560e+00
1.520227058321533375e+00
1.720569631386115406e+00
1.416741150464162491e+00
1.513454589829057673e+00
1.595830071748161716e+00
1.695544825156528157e+00
1.665960858837604919e+00
1.598723521277485515e+00
1.535691930258993754e+00
1.625707212129062107e+00
1.651053397068029671e+00
1.589618353804537199e+00
1.814806950305172029e+00
1.708373727578472945e+00
1.720691572817059312e+00
1.846726530252383869e+00
1.841092919220917556e+00
1.740468729099308831e+00
1.666016379007204451e+00
1.795402143903236158e+00
1.625244875299101110e+00
1.753652066988007130e+00
1.713885269071697470e+00
1.622799931203614099e+00
1.695584358446056150e+00
1.661506601408575978e+00
1.866463763688742894e+00
1.568724636321022103e+00
1.793230456780952053e+00
1.625334425070759314e+00
1.777477583036193298e+00
1.922297152207833149e+00
1.726320227996102075e+00
1.846434726602185439e+00
1.805707200464872209e+00
1.852490673323478498e+00
1.721253859995390156e+00
1.696375842163902581e+00
1.841437950304341431e+00
1.712193398726179705e+00
1.803080616341511400e+00
1.735261262055725284e+00
1.882645470408212951e+00
1.817917310525942964e+00
1.733242191909641461e+00
1.784602635371304924e+00
1.777036346372230291e+00
1.710782909218647507e+00
1.709627336730319414e+00
1.705788486667795922e+00
1.781573196251772684e+00
1.740544729458691098e+00
1.624844770750558887e+00
1.691014008461097395e+00
1.880841142280766043e+00
1.868540751867524774e+00
2.004022584477004099e+00
1.805349176490077978e+00
1.826137954961350340e+00
1.690962183499377991e+00
1.737821430422376690e+00
1.716106381331309105e+00
1.822485869496353494e+00
1.688444906346272534e+00
1.638982157951470509e+00
1.721102821777943381e+00
1.845033540407356121e+00
1.812306256886147882e+00
1.852047340384914920e+00
1.814823225815718866e+00
1.762341837382530141e+00
1.730390329636662505e+00
1.694917523637931467e+00
1.775602852462871528e+00
1.573775092456286329e+00
1.696499947061989477e+00
1.445261447045367298e+00
1.553975032855066107e+00
1.692328226504891786e+00
1.614867330728819272e+00
1.799951185874027804e+00
1.542876506219122090e+00
1.726152690745673901e+00
1.791969881770540729e+00
1.683583265434578147e+00
1.596482379654982076e+00
1.636357590540843399e+00
1.661049685805604526e+00
1.805140515091752551e+00
1.738585345283214068e+00
1.900118800986773104e+00
1.737030765630670270e+00
1.837993555182130700e+00
1.892829829626045068e+00
1.773232368369031198e+00
1.832487161812497378e+00
1.746017714908321805e+00
1.795244180892805907e+00
