3.441369091971659078e+00
3.639923094113973523e+00
3.704240822247364839e+00
3.581701001661083961e+00
3.507588749840371722e+00
3.648877741036217426e+00
3.569563781127774060e+00
3.583300108164332087e+00
3.541009144674886588e+00
3.645772592659157318e+00
3.570335560999375879e+00
3.466220877240250520e+00
3.758935769080021139e+00
3.740292237150305787e+00
3.597482193864783184e+00
3.635855190147686322e+00
3.541414986242228391e+00
3.590603165323798862e+00
3.468101958033003029e+00
3.623344799325523002e+00
3.548584155816264296e+00
3.676628231908009692e+00
3.573399287901181776e+00
3.535393195519297205e+00
3.739837976127274199e+00
3.727498529474218891e+00
3.837599604381918716e+00
3.602092944952825615e+00
3.534848310155316309e+00
3.800912951807994045e+00
3.664107044070343822e+00
3.762140097023073615e+00
3.591561298344525976e+00
3.544812814967064352e+00
3.795419971043462848e+00
3.772201193691319343e+00
3.598158884814937064e+00
3.548523563546673198e+00
3.452313417231723136e+00
3.655094164254062861e+00
3.556204399432927321e+00
3.744452177807277682e+00
3.527783105861681090e+00
3.515102935112365934e+00
3.677958036069314485e+00
3.513768986601442101e+00
3.548860308223330318e+00
3.646361525143822835e+00
3.531798050796439714e+00
3.730758866343104163e+00
3.564379891624496643e+00
3.527863170206273935e+00
3.713808577849982306e+00
3.810569363662426934e+00
3.638351611454166079e+00
3.601069444960449228e+00
3.613896089277576884e+00
3.458544627013741657e+00
3.606819841024906825e+00
3.672915907843082195e+00
3.560200482814850353e+00
3.530899238256405503e+00
3.444726057146998421e+00
3.637860694110487625e+00
3.565368122343473001e+00
3.512457896993470552e+00
3.468013622787049943e+00
3.500885677739536295e+00
3.645182997365035149e+00
3.632116972453995452e+00
3.714387722101868849e+00
3.687240132960509342e+00
3.754992696957254239e+00
3.352796385786277700e+00
3.672972446299732407e+00
3.583445419320541614e+00
3.492195493251236016e+00
3.642310463658603226e+00
3.548089809823640195e+00
3.570800102957250033e+00
3.605435552026094559e+00
3.585251587020188868e+00
3.314118989294808859e+00
3.499617923829497990e+00
3.461209217232908752e+00
3.636162702459747820e+00
3.521029750947929582e+00
3.623802868976141234e+00
3.373452890683604988e+00
3.496614806382519092e+00
3.651913802516717489e+00
3.298117489594742047e+00
3.594096734991134134e+00
3.656617359742476925e+00
3.409007303139078182e+00
3.491176745778326040e+00
3.522891828938062186e+00
3.504534806824247450e+00
3.425380121625588803e+00
3.640815674420912806e+00
