1.563350780130341233e+00
1.518427837368877542e+00
1.582331913998162420e+00
1.794997225559283205e+00
1.702079573769514020e+00
1.562367497554150164e+00
1.483255406001472432e+00
1.459207170000259124e+00
1.543464718092885546e+00
1.649604990792880699e+00
1.511172625875423225e+00
1.531093039082777496e+00
1.520658020080146056e+00
1.519235427370328351e+00
1.574077276136634396e+00
1.535920338805780716e+00
1.586366219883661222e+00
1.548758761520704574e+00
1.973245807527842732e+00
1.705358568669617991e+00
1.877104467315236391e+00
1.647384897545815630e+00
1.788177756914577587e+00
1.796139282048279329e+00
1.994609480437525617e+00
1.867542229719537428e+00
2.054434082107468473e+00
1.976131922317228895e+00
1.943419708812135660e+00
1.975390271873947334e+00
1.980195131574427503e+00
1.676804664630257902e+00
1.863366165048963463e+00
1.812709375694101288e+00
1.940091393148188015e+00
2.023430919095883684e+00
1.785944066792215512e+00
1.798345394235978834e+00
2.124316271835658743e+00
1.906635302289235945e+00
1.841096937337225681e+00
1.913127793535278176e+00
1.979652665180724247e+00
1.960772343862998035e+00
1.819350280664526753e+00
1.893415167190491744e+00
2.112886119632761961e+00
1.929543075064953817e+00
1.941609605173832964e+00
1.858924061487098101e+00
1.919246611577840378e+00
1.766547181430730751e+00
1.895882232375720511e+00
1.912289147200084471e+00
1.905479018443834383e+00
1.890221294682369990e+00
1.944086397056011162e+00
1.959935006819201631e+00
1.821473943986619437e+00
1.817855176480020374e+00
1.987479074936844725e+00
1.822309767049909324e+00
1.976352711364872450e+00
1.991708686312861243e+00
1.977628482271759580e+00
1.875069780310250733e+00
1.995721172628962092e+00
2.001084886082210357e+00
2.017684424726154280e+00
1.846212506539681719e+00
1.899315652858220016e+00
1.966441329049102738e+00
1.925139543450699930e+00
1.936682373923376499e+00
1.839504767468647994e+00
1.800339999873280528e+00
1.911841539274634627e+00
1.756782709691399713e+00
1.765553885412232127e+00
1.790535197815523283e+00
1.909379803276833432e+00
1.862514527857703328e+00
2.072434787788466792e+00
1.975264533573244163e+00
2.055190119463507603e+00
2.082953521415655818e+00
2.093292507249667977e+00
1.956166565001303592e+00
1.964079757398573989e+00
1.964995144047601894e+00
1.833792298091011741e+00
1.985289334488271384e+00
2.113098013248720264e+00
2.093113658053472381e+00
1.931345918336152989e+00
2.020321823700200969e+00
1.971060384228704221e+00
1.891869079929065833e+00
2.134159407157478761e+00
1.942345937576446024e+00
