1.390195046144332869e+00
1.301517794270819817e+00
1.348219111863839137e+00
1.486969692445216262e+00
1.635832647064446421e+00
1.531809853754578787e+00
1.588800828120057851e+00
1.626753193367673767e+00
1.651091366481902245e+00
1.544361929332068728e+00
1.366123564052809325e+00
1.590731913074749704e+00
1.512974136657466495e+00
1.535628648077072222e+00
1.512393480094336828e+00
1.418908890182939864e+00
1.413603534748278490e+00
1.483584657225281767e+00
1.608792034615309952e+00
1.601485446586909722e+00
1.442449572411055758e+00
1.465180947787504406e+00
1.722430889369951590e+00
1.606752336782044654e+00
1.581482887172872331e+00
1.535934774212636800e+00
1.401469647469880453e+00
1.421712216794216221e+00
1.562205713110196514e+00
1.595143506795190902e+00
1.496023471127656546e+00
1.506663451981925306e+00
1.401936674520488646e+00
1.636912693698471033e+00
1.555318970563194236e+00
1.618416438743542463e+00
1.575790596774894858e+00
1.815285625824248461e+00
1.541873199320714871e+00
1.715399621600110169e+00
1.666181319693400775e+00
1.552295795047825777e+00
1.312265648694973974e+00
1.327835060024470382e+00
1.350769013280245456e+00
1.384714941459182613e+00
1.373585637294194806e+00
1.491567949571870555e+00
1.549382579906312341e+00
1.359553262303147658e+00
1.395418159435714678e+00
1.358740597335108768e+00
1.497499038391771453e+00
1.441497424249539971e+00
1.488404310424438215e+00
1.601038300786280733e+00
1.669304260444016919e+00
1.442115972420817682e+00
1.531484615222168832e+00
1.595954076110389197e+00
1.584951647396555030e+00
1.629720127165580568e+00
1.698704650881256661e+00
1.577457182246799317e+00
1.583471334258704122e+00
1.658187153058922947e+00
1.608233955196219034e+00
1.646870650528578395e+00
1.673114170109155641e+00
1.590829136177010161e+00
1.534466186329336734e+00
1.586898506652690166e+00
1.620076113295136233e+00
1.610388014630529385e+00
1.710218687713335628e+00
1.560490512249678385e+00
1.565706771345968917e+00
1.568306527974795417e+00
1.525959722519425243e+00
1.610503665768467485e+00
1.524634575187157060e+00
1.541373034444172729e+00
1.552306443585969475e+00
1.578581366085626714e+00
1.701937322094183802e+00
1.793276655714949985e+00
1.839679736188027714e+00
1.719450064429021596e+00
1.799745756979111988e+00
1.733440466835910909e+00
1.731748181688253396e+00
1.780260344284354312e+00
1.557625142674603058e+00
1.466488299080210833e+00
1.539099038162061506e+00
1.528872524320875170e+00
1.619668299750867568e+00
1.634530712048813950e+00
1.598849649178643695e+00
1.765383190033841920e+00
