8.887027808415401964e-01
8.212277694422381868e-01
1.082750142377849611e+00
9.828089756232759600e-01
8.062904777360097031e-01
6.313168051712607642e-01
6.182035594609452955e-01
9.216044138019916510e-01
7.043753641054495418e-01
1.057573675224175336e+00
8.355040578141117447e-01
7.490137962875478284e-01
7.855547882159104045e-01
1.170649033877877443e+00
1.855359898020325859e+00
1.321069300567143667e+00
7.583054074090214147e-01
8.940556163611959040e-01
6.863307332434197550e-01
1.466990141592458885e+00
1.021072580406765296e+00
6.537402502456810538e-01
9.662310399544303818e-01
6.931250490979465884e-01
7.510671783865525697e-01
8.511036335537579545e-01
8.668211684803425188e-01
8.063410078569569484e-01
7.213671090386526430e-01
7.093137675250831276e-01
5.391546154924289347e-01
5.368996833363262056e-01
5.991183692577640718e-01
1.024781899027020104e+00
9.037567807829000044e-01
9.247062356264709182e-01
8.776001262115209478e-01
1.034176486218213675e+00
1.274423663458791767e+00
1.563809261180121313e+00
1.165045251492471845e+00
8.010230543316293472e-01
1.246591831557521735e+00
1.039109321985946410e+00
8.279139259180017252e-01
1.000792633242592267e+00
1.039860281298503830e+00
1.381444866191134935e+00
1.171095434475932340e+00
1.778443151578076087e+00
1.147129067445895600e+00
1.680252751807181477e+00
1.720761527699595561e+00
1.346246762916616824e+00
1.619662766949816257e+00
1.352056876511937844e+00
1.251414925048491167e+00
1.051687006143112946e+00
1.232447822800798676e+00
1.224846127578261168e+00
6.932765788311091582e-01
8.726673989833786393e-01
8.669328254013363155e-01
1.184953109762112655e+00
9.556983118969377689e-01
1.452522124186987451e+00
4.025909001905048634e-01
1.411647395308496256e+00
1.528656469665198747e+00
1.421359880919068619e+00
1.610407105521459936e+00
1.737598407869758388e+00
1.021808564304235611e+00
1.268338042438582391e+00
9.381074522481314126e-01
1.193289247589371938e+00
1.309022762925137862e+00
1.707041441116206482e+00
8.656223699361479396e-01
1.121317398781169539e+00
1.051528115319914747e+00
9.094558076383210121e-01
9.893597239954063927e-01
9.340534765004968598e-01
7.780253154147979133e-01
1.100473024824645929e+00
1.054303608736916420e+00
7.653887711395898075e-01
7.522923777214672869e-01
1.113794138632151043e+00
9.822606667664312008e-01
1.110339969486018319e+00
9.799623284461497219e-01
9.506796682051056324e-01
7.653621526655181029e-01
9.478271266639410886e-01
9.615584126600849046e-01
1.126530047855648142e+00
7.332960812204568635e-01
9.912038464350835243e-01
