3.581643673766066627e+00
3.583237728706370806e+00
3.548062594112456392e+00
3.596360495873626384e+00
3.608522512592025944e+00
3.473810599025890511e+00
3.432631848341777037e+00
3.551332174836994149e+00
3.616656192410083737e+00
3.508742779242512988e+00
3.704537817177940617e+00
3.557568066536787921e+00
3.626270214282776294e+00
3.644389524400948766e+00
3.615644756689952555e+00
3.566449343451544962e+00
3.630495127487989748e+00
3.416207288825521715e+00
3.686537946517467468e+00
3.505017667538132375e+00
3.435222516085972178e+00
3.581021839848499422e+00
3.646977044386957800e+00
3.672487377916300311e+00
3.448222826685209963e+00
3.486496762438746178e+00
3.605635802616248053e+00
3.446592271233997362e+00
3.481356414435536895e+00
3.547961791401587295e+00
3.462998913904997700e+00
3.575429376087855715e+00
3.571745628154929353e+00
3.488166656198277149e+00
3.317508523696526268e+00
3.453807588619739466e+00
3.573801142210557558e+00
3.506025075719854112e+00
3.514410871960939264e+00
3.554024516923311339e+00
3.503827450338663052e+00
3.435556407551437097e+00
3.572040630996907051e+00
3.578693860320766085e+00
3.518083169660684906e+00
3.626135392471027785e+00
3.679371847185849198e+00
3.652555082007099774e+00
3.575498824250957330e+00
3.493134438120243157e+00
3.428620322814608379e+00
3.648239396512718447e+00
3.588574001908757083e+00
3.625471224459747344e+00
3.576254116187563170e+00
3.616293016900693491e+00
3.550232844104870278e+00
3.553513387454397598e+00
3.449747886054816970e+00
3.688219922497532721e+00
3.558290137363736783e+00
3.455120401987477941e+00
3.539688361133157990e+00
3.718050264190146059e+00
3.617309232773250560e+00
3.489981357977574916e+00
3.593782306452963038e+00
3.407016072265959039e+00
3.558149513336604564e+00
3.559199520250515558e+00
3.592359604282564511e+00
3.650380857241883437e+00
3.520088105781664201e+00
3.664193406779293394e+00
3.592271802131419722e+00
3.622096731260502800e+00
3.587884222355901542e+00
3.599443961926805269e+00
3.457677750985597598e+00
3.523120370633230802e+00
3.708327124782393458e+00
3.653541006524189338e+00
3.564184857477135537e+00
3.568146228661788655e+00
3.693994119134776266e+00
3.438577988711751132e+00
3.489031171827386313e+00
3.610376362150977236e+00
3.735113121999693142e+00
3.581918756582894492e+00
3.674322662502647496e+00
3.522273669139758034e+00
3.750393497560588152e+00
3.564050778672129383e+00
3.512163646666588868e+00
3.553010630978928219e+00
3.488556540622464119e+00
3.741138100097862296e+00
3.510351389055716975e+00
3.481388603710957597e+00
