1.381370655143642434e+00
1.394156902990595359e+00
1.548805491619249519e+00
1.345542217573098220e+00
1.616883004013816905e+00
1.516890504191549027e+00
1.376389618532724679e+00
1.439824199966772023e+00
1.389972227815204908e+00
1.704443549823710713e+00
1.607401714876270926e+00
1.535942377380663304e+00
1.589345315516596191e+00
1.663505857620492190e+00
1.635185872710498645e+00
1.614014105769652652e+00
1.507907533410262957e+00
1.521522707754844994e+00
1.553387326068661256e+00
1.536141100795305636e+00
1.569750487573717601e+00
1.610462278473394404e+00
1.621359661109431860e+00
1.589513600743089894e+00
1.667551824695855167e+00
1.742191909678822759e+00
1.584750170524231727e+00
1.449420380507603578e+00
1.532940810446257851e+00
1.537128863924825062e+00
1.681592467595372176e+00
1.584561941905685778e+00
1.629658877239245962e+00
1.476172421129030798e+00
1.641843791196594404e+00
1.517350771166248391e+00
1.558749915237435335e+00
1.465301339007237358e+00
1.532443201716963355e+00
1.530553704435347884e+00
1.535991832553451619e+00
1.549120202942193769e+00
1.517227838119158623e+00
1.637849175764771958e+00
1.549048854585972412e+00
1.531744161281583194e+00
1.565935691318272038e+00
1.470402388485991585e+00
1.389747341336936559e+00
1.512252160757348918e+00
1.594561682696437721e+00
1.473276400775122008e+00
1.560925641335668024e+00
1.629131313363213263e+00
1.576375395733382589e+00
1.644897094243563673e+00
1.635143374608449385e+00
1.729561102656818283e+00
1.571717525759646961e+00
1.513832440435135762e+00
1.619910556648718192e+00
1.526477900549830791e+00
1.719354632472719802e+00
1.863260010468492212e+00
1.904639163075026342e+00
1.767147457244205189e+00
1.699315003684394698e+00
1.625143037355292641e+00
1.637328639800634145e+00
1.577406474196114905e+00
1.555736603402235518e+00
1.485742770554682401e+00
1.584793813438753807e+00
1.602697227494139121e+00
1.610457948793684979e+00
1.564106487903281550e+00
1.698808681809694576e+00
1.649260759264165044e+00
1.734764388333085217e+00
1.739611656986175481e+00
1.630757488805953503e+00
1.733010132027522854e+00
1.623124913343744868e+00
1.677301165101659608e+00
1.636273975615188059e+00
1.720441050336382727e+00
1.601387196789772815e+00
1.791571363496629710e+00
1.828058738631940905e+00
1.682672767575046358e+00
1.591318218200685530e+00
1.667202169999199235e+00
1.610647734252726782e+00
1.568281222258397056e+00
1.532646681937322786e+00
1.666070273140383140e+00
1.675191237695790258e+00
1.608057627177919446e+00
1.629291674691464520e+00
1.561648091051058618e+00
