3.640205673772995532e+00
3.594257951338277746e+00
3.504355797960462038e+00
3.685334094697289231e+00
3.470760829183167306e+00
3.396022874343391784e+00
3.621515488817271589e+00
3.537974296952579589e+00
3.820058298591400003e+00
3.977598565399340202e+00
3.707503658642085309e+00
3.616503685462609141e+00
3.789625516864141286e+00
3.609932604351799856e+00
3.829681713182045311e+00
3.519990770430013516e+00
3.500098418756990348e+00
3.515878698176031492e+00
3.411727226058038465e+00
3.663397319414372522e+00
3.744479342001094668e+00
3.637479925494153665e+00
3.742742045291281627e+00
3.652890058117786332e+00
3.614178819610957660e+00
3.678862414437683359e+00
3.687141890379576292e+00
3.750336481761928908e+00
3.687006674460264311e+00
3.529490090803624636e+00
3.582215092456028316e+00
3.696439399207758658e+00
3.662881063604007892e+00
3.740018982874222075e+00
3.417183733558693426e+00
3.529564158765000847e+00
3.579474088827395040e+00
3.611564470509719627e+00
3.633263285832438072e+00
3.632701232134528890e+00
3.448759344435988083e+00
3.550288881247035899e+00
3.569105495089993862e+00
3.451488232775362430e+00
3.597223282852968662e+00
3.609289108598226381e+00
3.449077687646179058e+00
3.604515500238812287e+00
3.572875337097503046e+00
3.504165059767462953e+00
3.562563546540074899e+00
3.593002477580826692e+00
3.565538696825135911e+00
3.722548520109359327e+00
3.648657866145180950e+00
3.490413509227690891e+00
3.589017651132251352e+00
3.612126928461502295e+00
3.529729332429297983e+00
3.513609157786547588e+00
3.536244676074864479e+00
3.474871603852305313e+00
3.732520370421212430e+00
3.688589733619897615e+00
3.545851315322509745e+00
3.517585930174169651e+00
3.644793616960842808e+00
3.526444365518135893e+00
3.508958193401745085e+00
3.705126762900097237e+00
3.754806041597841038e+00
3.535427714608703642e+00
3.659384603768309319e+00
3.624843561252049096e+00
3.772240765526394313e+00
3.582495082225973793e+00
3.466591350403708915e+00
3.557968053226745919e+00
3.442179932462698488e+00
3.645068296703950494e+00
3.534833045074781133e+00
3.451032621266147959e+00
3.458482982782371096e+00
3.444859910154308036e+00
3.731537302472383022e+00
3.738897045416016418e+00
3.633126026756884119e+00
3.585637744726306586e+00
3.543209426096133985e+00
3.543807741597281513e+00
3.590636594634480705e+00
3.685313840124109230e+00
3.462031355491985707e+00
3.696033825059865663e+00
3.778227072201547188e+00
3.615519457801141368e+00
3.598992764611292472e+00
3.635493495979372547e+00
3.498035987845041106e+00
3.784715018760104854e+00
