1.889487441846879223e+00
2.028905934055111437e+00
1.867505436185143530e+00
1.686117419760782887e+00
1.885285657992632702e+00
1.805538022338950332e+00
1.724301496468310768e+00
1.805334193511756169e+00
1.752433253880097519e+00
1.753896339316345143e+00
1.717465334701226976e+00
1.753561528836733219e+00
1.654700152577624150e+00
1.801295879815113965e+00
1.692899122932810307e+00
1.705828199724491734e+00
1.732044638435484840e+00
1.760413357567738535e+00
1.697071712408499078e+00
1.681155461777266602e+00
1.705678550242710312e+00
1.732575097917265161e+00
1.630368217755630234e+00
1.644551139399327067e+00
1.738047949896997402e+00
1.627902270648879712e+00
1.679343321196684391e+00
1.517375908453297617e+00
1.592139506925833725e+00
1.601244324930917395e+00
1.468915088963544058e+00
1.538983128295108749e+00
1.449297572484271823e+00
1.592843043185820928e+00
1.521979531065562385e+00
1.526243194277706605e+00
1.566677713192992316e+00
1.496743976540590326e+00
1.486926374874784740e+00
1.505179404968779222e+00
1.591108125086423630e+00
1.641121064551059217e+00
1.573146639934350999e+00
1.587850348855357918e+00
1.593113971233075965e+00
1.472094504109715762e+00
1.587239418154351211e+00
1.586432740038295819e+00
1.625750785863045778e+00
1.672583741745939712e+00
1.658778432603602582e+00
1.606815532165059457e+00
1.721928732141668084e+00
1.622868684645891513e+00
1.603226202627621833e+00
1.707450146092418963e+00
1.607260173184929197e+00
1.738138275417891343e+00
1.780839258661247593e+00
1.601563354557364205e+00
1.657815327238166603e+00
1.704460710124452882e+00
1.735858940652247773e+00
1.742880598651587176e+00
1.780404233173094708e+00
1.801841785057512579e+00
1.782779885168908951e+00
1.768619484236928718e+00
1.778058224724702097e+00
1.724245425184705693e+00
1.781048789565259804e+00
1.759302725808241652e+00
1.813192430685424794e+00
1.654199072607218657e+00
1.692299189347751698e+00
1.604419240829948912e+00
1.635622764791652806e+00
1.615197139734763532e+00
1.504998837739305317e+00
1.620444198755784049e+00
1.734602095791915932e+00
1.690419377298286063e+00
1.677010419638792271e+00
1.729459568638346045e+00
1.773308757290817494e+00
1.713627848201019654e+00
1.723254063223472743e+00
1.687925984936787360e+00
1.684667138495876459e+00
1.808209038869009966e+00
1.678786334613146858e+00
1.676633104925142614e+00
1.812405474002000805e+00
1.677441754863316259e+00
1.708178213591414085e+00
1.849092587029814494e+00
1.609445688069989222e+00
1.635898693398670112e+00
1.787707992998310624e+00
1.784639876919974499e+00
