1.319309229919081616e+00
1.462557877051369193e+00
1.494502595349268104e+00
1.454431718624804803e+00
1.664552499870769697e+00
1.692207723163328126e+00
1.473696835172748187e+00
1.521342023693751822e+00
1.726393052118851967e+00
1.609760793397466028e+00
1.531541095590611246e+00
1.429658075767532344e+00
1.505639516675651990e+00
1.434064325218584957e+00
1.411237948055463542e+00
1.585818219823270647e+00
1.737590358498183329e+00
1.728356206572973175e+00
1.681179991449242239e+00
1.609717799843150887e+00
1.656996509267858464e+00
1.415302596014164971e+00
1.671634202780927447e+00
1.591683249884642271e+00
1.777224752366950211e+00
1.514217340130233014e+00
1.665980139767337720e+00
1.473482968434344675e+00
1.439574017747355050e+00
1.545702369817214095e+00
1.512106425892032258e+00
1.630730949821249443e+00
1.502461450974607926e+00
1.603164323729185714e+00
1.621587792981603382e+00
1.502636055934131409e+00
1.677779252157622691e+00
1.551676451040831406e+00
1.600899583597167108e+00
1.543656585708627293e+00
1.639619939432706452e+00
1.473969188612285208e+00
1.600992178980293668e+00
1.634934522666957157e+00
1.625466872398458218e+00
1.703162665670555409e+00
1.637410384013916698e+00
1.602507986661317885e+00
1.609856851583144177e+00
1.654284025870236929e+00
1.576922939999930495e+00
1.605218811062951945e+00
1.753403374916576052e+00
1.656644429563426835e+00
1.720525684140535638e+00
1.623157658173957962e+00
1.516980553668461740e+00
1.430932213083209614e+00
1.590158943355081789e+00
2.237245138820762591e+00
2.142869043762463122e+00
1.997790582648693691e+00
2.064185970412811599e+00
1.739048883276541613e+00
1.662741200197732194e+00
1.905145612705186675e+00
1.930771236571345639e+00
1.899094606440169475e+00
1.910968619899938714e+00
1.962350405924647490e+00
2.030277032712668905e+00
1.974773014778418601e+00
2.015387032972130399e+00
1.967138075830055843e+00
1.781582826769943173e+00
2.193950500781978175e+00
2.008388454028672498e+00
2.118840155176500595e+00
2.053455712369569586e+00
1.902844335554813027e+00
2.103260559234043203e+00
2.124209550976311700e+00
1.809801494064592564e+00
1.849703963952986863e+00
1.790613351666821451e+00
1.709280953629788380e+00
1.584690147535097848e+00
1.749467137254044236e+00
1.898801498819458367e+00
1.554364165597296399e+00
1.697163533410859682e+00
1.685957316283805518e+00
1.596822681604944671e+00
1.590909110166798701e+00
1.736800864305286130e+00
1.804141005391351360e+00
1.909677147011842324e+00
2.010006191941250187e+00
1.873127292150601253e+00
1.882045296654301314e+00
