8.961890308851592213e-01
5.701837298156734457e-01
7.065206137661588226e-01
5.038049302260616535e-01
7.292619720813373618e-01
5.616581889226521795e-01
6.232272767539281944e-01
4.178910148590047613e-01
5.117887215712751958e-01
6.043172426973811850e-01
8.427866364156413326e-01
6.518301462956274106e-01
7.757367957691977400e-01
5.177145575883965734e-01
5.098115113511633156e-01
6.052420422116375764e-01
1.220224138910398493e+00
1.325306750016413959e+00
8.163303052757980849e-01
7.101147531236627897e-01
8.958831827030332429e-01
6.117774759893648273e-01
1.275859470360549475e+00
5.442606785965161675e-01
6.727409510950105309e-01
4.910488847703278203e-01
6.759619076292734396e-01
9.913371973534540471e-01
7.923854069723132998e-01
5.061561971808680171e-01
8.627062551178620309e-01
9.080230116784220318e-01
4.691424236838295236e-01
1.284392612797207178e+00
6.700122035340112525e-01
8.382658227557361341e-01
9.680041860649917229e-01
8.378883864982462626e-01
6.159043672743036435e-01
7.669310046735701158e-01
7.794130706366512173e-01
6.022945658021048310e-01
7.885232444368456273e-01
8.596475095258864219e-01
3.104224683677537233e-01
7.087070362713500105e-01
7.823453327619180886e-01
1.039322015065979876e+00
7.804658814892275753e-01
1.173164193071833061e+00
7.877919508527186920e-01
9.767251433016629347e-01
5.625380378550348670e-01
1.132019277866609164e+00
8.681031173840201287e-01
4.193197946581870283e-01
6.050651978755153815e-01
1.191268636301613615e+00
6.591763105523608113e-01
5.928338290148924550e-01
7.858344882313611501e-01
1.122197282147717079e+00
9.871170647902711703e-01
1.004920376094022183e+00
9.895395660539485494e-01
4.643327627792868117e-01
5.306410843171076586e-01
7.116070396943804388e-01
5.093809771041417633e-01
9.040284414819893533e-01
9.265582492451065466e-01
5.802240545293005924e-01
8.069521117227699269e-01
6.275390490378487396e-01
8.765433544340688332e-01
1.247257554401036916e+00
8.377888183673819489e-01
9.573184338550904116e-01
9.148480662437776800e-01
9.466332314730742103e-01
8.694009374894035025e-01
9.234245025596161671e-01
7.328251019099192298e-01
7.925216518752042916e-01
1.041735510285686006e+00
7.494215083493882545e-01
9.754297728574971016e-01
1.436047468045398956e+00
6.138263068541464085e-01
7.326241563698192572e-01
9.397102693069449009e-01
1.010307824850996905e+00
7.354311014370755739e-01
1.110780116180091870e+00
9.903607178661379962e-01
4.134131537395319689e-01
7.187942291184378218e-01
9.135680167054370804e-01
6.956155293165096065e-01
9.900793976862650725e-01
