1.546550047017407836e+00
1.510946463395424377e+00
1.449126639602685840e+00
1.427572492403539117e+00
1.472705769700499490e+00
1.483968932700594934e+00
1.351232465474438760e+00
1.371068319904050758e+00
1.352036598835828718e+00
1.389566658806175026e+00
1.550678314291954463e+00
1.470618415255349198e+00
1.456194053867008398e+00
1.467771104544451921e+00
1.469500787200883840e+00
1.587912457639769181e+00
1.538339985474880933e+00
1.530034260028825477e+00
1.549077399403707034e+00
1.642705260143201729e+00
1.597806996218572362e+00
1.511946377866218993e+00
1.516831286842856619e+00
1.491321373067066025e+00
1.542669443458154266e+00
1.523952809507744144e+00
1.567287859449507215e+00
1.554745094729227173e+00
1.580950874116121119e+00
1.616462033441134594e+00
1.565883645658080692e+00
1.554584421353356172e+00
1.473232472190838305e+00
1.569546525762336664e+00
1.476317852258072660e+00
1.619768094304573802e+00
1.642628261131354073e+00
1.632382917067972228e+00
1.824811421656223454e+00
1.489641563563177007e+00
1.778521090645653890e+00
1.655801699352406509e+00
1.636905722155243215e+00
1.772810105808378500e+00
1.605607806129907722e+00
1.598284929170521673e+00
1.613442945298378728e+00
1.745135188998360176e+00
1.791029365376069160e+00
1.706048261718184023e+00
1.560255470057057225e+00
1.567384233395898940e+00
1.561796701671481102e+00
1.529192086617509272e+00
1.659332231438410910e+00
1.488142130331523649e+00
1.465687252150909892e+00
1.673782952105468569e+00
1.498721090351747609e+00
1.521384153038143117e+00
1.695794502332068410e+00
1.688408071959732082e+00
1.714126365791023732e+00
1.663720441026476760e+00
1.644590112258817793e+00
1.682000228538166997e+00
1.693458854596455954e+00
1.737320586229055719e+00
1.816712406740266905e+00
1.719291906416747784e+00
1.681677549483783007e+00
1.722906247668684721e+00
1.666428885222280387e+00
1.525302586861318144e+00
1.619932096171468494e+00
1.707547659860742861e+00
1.542545155722660821e+00
1.530907638407023263e+00
1.713835609548215677e+00
1.632679671945016064e+00
1.621770648997510778e+00
1.572909991909781535e+00
1.708961756652826791e+00
1.775766840024210369e+00
1.596478529755106957e+00
1.613422761603448219e+00
1.636991074160457416e+00
1.741256919520210777e+00
1.635437038038336954e+00
1.586667829889509607e+00
1.760385009079986629e+00
1.679786523723224123e+00
1.602020518234653856e+00
1.691263797731676677e+00
1.729918578078977198e+00
1.845902930018599175e+00
1.745619679601677410e+00
1.739726155308800148e+00
1.707714353651988759e+00
1.855372846129563102e+00
