3.586436538628622106e+00
3.567467301079391362e+00
3.462868263539752078e+00
3.666660415920167448e+00
3.698633816775901639e+00
3.844654992236030910e+00
3.471892750646052850e+00
3.701292319071131764e+00
3.736371046021561781e+00
3.588969889017946446e+00
3.489830626792612911e+00
3.515040551014263048e+00
3.445292457909465256e+00
3.720334804858930866e+00
3.717627156453989112e+00
3.657662553372028391e+00
3.818148253978665974e+00
3.557000819662342384e+00
3.710793218233178870e+00
3.678979588162820225e+00
3.489494363669067400e+00
3.583167865849758105e+00
3.555160929667438907e+00
3.316888841535704735e+00
3.640469221899157670e+00
3.531974127154533072e+00
3.739606255549340119e+00
3.873846280298171685e+00
3.638237223923784569e+00
3.586566608729087058e+00
3.722352276663365878e+00
3.633848282449730238e+00
3.589116361529686383e+00
3.637107072118990647e+00
3.500200630290098314e+00
3.520008582939126995e+00
3.659736810928432948e+00
3.462608484621084504e+00
3.730589791467648464e+00
3.644582918575689945e+00
3.671750668507058446e+00
3.454426311248699921e+00
3.669861218876019571e+00
3.428957614099054751e+00
3.672933810805059096e+00
3.935896972925789772e+00
3.609150070854842518e+00
3.439067791712481892e+00
3.516600183357123655e+00
3.666030093783132937e+00
3.486252879904276014e+00
3.583744114917889689e+00
3.555524828435890683e+00
3.566227978993697256e+00
3.588368028605333215e+00
3.753374615016754845e+00
3.509110249636632872e+00
3.646924655950181116e+00
3.457726615726448127e+00
3.804627678028281057e+00
3.598007132135180530e+00
3.694258684291212624e+00
3.740177848983135434e+00
3.673569680334119791e+00
3.706165394528623480e+00
3.640748470960927907e+00
3.529286913807078374e+00
3.672517132003945139e+00
3.564347152913120986e+00
3.663563137256723223e+00
3.647111954568872605e+00
3.760541940294003904e+00
3.779198139823776614e+00
3.484094853640344880e+00
3.417291815811488664e+00
3.683526747396310697e+00
3.650086361951203617e+00
3.505844013911325607e+00
3.602558259290864928e+00
3.553849714372382174e+00
3.596713392257540942e+00
3.453373723475928525e+00
3.597323953877240577e+00
3.729134840601039169e+00
3.975803431361088158e+00
3.489948225122948333e+00
3.857611832442044530e+00
3.725490616220666240e+00
3.540376479024089473e+00
3.694868144461999293e+00
3.557667046080631668e+00
3.751837137505773523e+00
3.519579298625476582e+00
3.543160604002051350e+00
3.667560898184586637e+00
3.490407208964691144e+00
3.548457111593237734e+00
3.678241909012704536e+00
3.833854480474852000e+00
3.580471531387164674e+00
