3.639164938849822395e+00
3.559626849180356434e+00
3.719776283209963896e+00
3.754012201808651028e+00
3.504920169987412848e+00
3.621020263832815278e+00
3.530739033705002861e+00
3.606211481787667594e+00
3.661831404893052699e+00
3.682933632051514028e+00
3.705470796513621767e+00
3.558617858942124013e+00
3.817495150964314465e+00
3.667715152369567910e+00
3.481859464494822642e+00
3.670437386042214811e+00
3.657091544028389762e+00
3.650086816267660073e+00
3.733440132220734231e+00
3.665084836322151318e+00
3.643681835909433619e+00
3.679316820548548694e+00
3.544765645638563889e+00
3.493380153931016530e+00
3.577284216997414834e+00
3.580666387033437648e+00
3.898188452239971014e+00
3.541579102899158560e+00
3.721241570326419001e+00
3.669355712382757151e+00
3.607078803173912274e+00
3.586358996948839639e+00
3.837093715048614850e+00
3.639526723038108980e+00
3.633557428638960918e+00
3.646406956769511432e+00
3.508794306274012786e+00
3.838111542645730623e+00
3.579725238346075145e+00
3.731161619722743072e+00
3.436945556172628535e+00
3.640191132211556990e+00
3.678523550615517834e+00
3.537888818023478876e+00
3.674557498255156318e+00
3.638562719108096033e+00
3.615904368668300339e+00
3.690387783550550527e+00
3.731254037130956380e+00
3.418912121207384303e+00
3.789867394655565658e+00
3.630512349195967658e+00
3.552969190019039658e+00
3.696751402876764736e+00
3.639294774359218998e+00
3.719750695012669972e+00
3.607241258297873010e+00
3.771135032453738489e+00
3.577485636443394235e+00
3.797211273120092656e+00
3.630064913291355833e+00
3.558858806672437147e+00
3.505678854408686096e+00
3.653246541853873097e+00
3.451904101240741429e+00
3.683447835125255754e+00
3.626701560672093816e+00
3.789463735354283269e+00
3.562510943638200089e+00
3.426370667319109664e+00
3.932602082481744699e+00
3.437278826040268243e+00
3.724818583836244645e+00
3.712002293941633724e+00
3.676544744728732272e+00
3.595276696780439263e+00
3.646170357703726772e+00
3.640837396846584362e+00
3.695161108106707282e+00
3.732110359738324501e+00
3.529373966359150572e+00
3.676275164397222905e+00
3.658888665833274878e+00
3.546507631792990001e+00
3.474170999839650165e+00
3.661557681835042821e+00
3.613802030649679864e+00
3.718332115838034913e+00
3.628690764346225617e+00
3.583712429715990577e+00
3.450225421786519142e+00
3.698692028765354411e+00
3.827607664933892817e+00
3.624708044773730098e+00
3.731957024930645517e+00
3.518094013342573767e+00
3.583394679397562843e+00
3.721388195334774274e+00
3.573482337659606323e+00
3.693872701349877552e+00
