6.546103012825809087e-01
6.428835613548330441e-01
9.400683671971330480e-01
8.448679448443408013e-01
8.985150826015539938e-01
1.285670430429373789e+00
9.716252690175517515e-01
8.054744029028582109e-01
9.467472252153394940e-01
6.190587920402231825e-01
9.511553918446459255e-01
9.917091937997498663e-01
1.327383102936017467e+00
1.679561867099223615e+00
2.253680519191311848e+00
2.034182805737331012e+00
1.358958031020311985e+00
1.385432888372585269e+00
8.541703438461922815e-01
8.679388944974508746e-01
1.719969502079100154e+00
1.109625215824688649e+00
9.277216895347638603e-01
8.735014360401052169e-01
9.246684441374291019e-01
9.688507279155244012e-01
7.190915574748605321e-01
8.758342648332833047e-01
1.327652988831977021e+00
1.086733582191395930e+00
1.408316769881752473e+00
1.187987269404143342e+00
1.081746040771705220e+00
1.657165577258032929e+00
9.986391850243689916e-01
8.359455460765975454e-01
1.555476800236573975e+00
1.010422110911880722e+00
7.123051614754979388e-01
9.504501330409365067e-01
9.608192834205163679e-01
1.163189733149453398e+00
6.881960541625424810e-01
1.010137213040258608e+00
8.433005485171636284e-01
1.397152102047265476e+00
1.491958911733957782e+00
1.069641012612878583e+00
8.792352222720558608e-01
9.386651316883335427e-01
9.577149328397661643e-01
1.264971075611858176e+00
8.059343702884403937e-01
1.437833308454473435e+00
1.190271803854147548e+00
1.461618985033966256e+00
1.266666428250608600e+00
8.624032912352792568e-01
1.048453821883793768e+00
8.608977329404204903e-01
1.548557183122810432e+00
1.331538929230665858e+00
8.268049883201620265e-01
1.079093184904483138e+00
9.466729446950232774e-01
1.768874011194267126e+00
9.895762136115014984e-01
9.823306824565419815e-01
1.143315951604738645e+00
1.337317466224132723e+00
1.190337719605477629e+00
1.225430467574558424e+00
8.140113790266937377e-01
1.182752107723771040e+00
1.306331454256081326e+00
1.126751053176742179e+00
9.958896871135873852e-01
1.211065528881303255e+00
8.570794255967543185e-01
1.413481397973766818e+00
1.055619613240276200e+00
1.271778315785717428e+00
1.096011655909557181e+00
9.763660814715603431e-01
1.156841059339837496e+00
1.330856469168850253e+00
7.953919865730387784e-01
1.362861220639065118e+00
1.076127368980507981e+00
1.001817301408790106e+00
9.783313506250661540e-01
1.399417836744331067e+00
1.398522395051901013e+00
1.227108741295703576e+00
1.147063387599973616e+00
1.193702239954311128e+00
1.226631858339330083e+00
1.086378171704525997e+00
7.866914780165794596e-01
1.419565861063980527e+00
