3.635496191399766097e+00
3.849019374528218407e+00
3.701416126608235491e+00
3.490584671031665920e+00
3.745009214408423937e+00
3.487702295086096971e+00
3.655381440430420348e+00
3.982204132214835379e+00
3.544066855350461953e+00
3.577084379755311350e+00
3.545061988748685611e+00
3.617980127815483726e+00
3.743867869656174463e+00
3.540057353690284625e+00
3.463580611137142107e+00
3.687852419058632591e+00
3.755322602423432965e+00
3.475002532932327526e+00
3.680766077990068386e+00
3.698450548551385886e+00
3.700378696515032040e+00
3.739617471552426853e+00
3.584107337781358815e+00
3.739529174889799190e+00
3.613327643247256749e+00
3.629391956441996747e+00
3.568359413506899891e+00
3.632397026764491610e+00
3.617770933287197455e+00
3.763625255781333223e+00
3.728340080671110002e+00
3.566420055866481587e+00
3.656964164697229513e+00
3.594573678360815538e+00
3.756429766937927628e+00
3.682950793926723421e+00
3.599369350251153232e+00
3.601599232244230286e+00
3.494690678854504462e+00
3.487432873919348086e+00
3.552216274838465804e+00
3.558261480802797916e+00
3.424977480367153326e+00
3.523402144418125381e+00
3.677642320152513467e+00
3.576619401718290181e+00
3.618713219003459880e+00
3.637034194768119733e+00
3.607188373316410068e+00
3.585281205548177752e+00
3.670379150305366434e+00
3.676532229033145693e+00
3.695569230869007793e+00
3.685944973283711068e+00
3.546033724746969984e+00
3.868040560979773446e+00
3.710630830199280528e+00
3.662164864012421805e+00
3.789246289460385331e+00
3.664863377235699549e+00
3.732123388262062580e+00
3.680205922968861287e+00
3.680206864852016757e+00
3.537250990246219917e+00
3.455306752054743136e+00
3.808760252879356933e+00
3.675398952947875664e+00
3.812129837394082621e+00
3.748767426116649482e+00
3.677992473449936295e+00
3.851521148181056731e+00
3.555655570587796355e+00
3.680135243231265285e+00
3.814865065294428703e+00
3.824980180200849400e+00
3.556988556555959580e+00
3.784495836676068148e+00
3.810751924517365996e+00
3.607495612071766722e+00
3.454949989063504034e+00
3.500432831063014838e+00
3.717765950557256893e+00
3.476423235819871671e+00
3.565292393697707674e+00
3.870976811188956646e+00
3.704007168112003257e+00
3.701306886043862932e+00
3.792491395289367961e+00
3.696280092403454898e+00
3.764558401547142719e+00
3.756438011450943470e+00
3.602406380559691534e+00
3.660168853907625586e+00
3.461501920305678492e+00
3.661300053101503416e+00
3.544438625668830500e+00
3.593124314996006596e+00
3.609984557564777763e+00
3.566479010615978940e+00
4.009582015370992458e+00
