3.530328764098990657e+00
3.633580398855043914e+00
3.604146094793465149e+00
3.462573314465720031e+00
3.667050440652717569e+00
3.793314344145058303e+00
3.539041638436704051e+00
3.601819661111983706e+00
3.545776273093230291e+00
3.518832677588530800e+00
3.498937586623966478e+00
3.502474122811352064e+00
3.545046363122954514e+00
3.425157538343329033e+00
3.613702181393047663e+00
3.615121565888960387e+00
3.637950782627921154e+00
3.629141865456670057e+00
3.596834826295154830e+00
3.564562526510122176e+00
3.428198148699480363e+00
3.452988700411505629e+00
3.496175848836390987e+00
3.400369837082659608e+00
3.711002973099814195e+00
3.585932262601720488e+00
3.535372674669869042e+00
3.596459081484219666e+00
3.707431673084763624e+00
3.541403799668380259e+00
3.581218570284619762e+00
3.694274956480137817e+00
3.522052915417107410e+00
3.497050967935159349e+00
3.596435338272896853e+00
3.657537127466173210e+00
3.570466033020373686e+00
3.570515707065113009e+00
3.669668737185898699e+00
3.865090927678929589e+00
3.740963375608940211e+00
3.579770348538220404e+00
3.696282242749935332e+00
3.674143606090260139e+00
3.625946940823495890e+00
3.756817916187748185e+00
3.628701710171802652e+00
3.633666044049622013e+00
3.575562214714257614e+00
3.596989559504817358e+00
3.597148838901608858e+00
3.692450202394415903e+00
3.486812656384646214e+00
3.713031175607063972e+00
3.511447563724409360e+00
3.564327829470832931e+00
3.553522608477956535e+00
3.734021446850906756e+00
3.488674921308072996e+00
3.669328771732708550e+00
3.775040386399086234e+00
3.597014999534667634e+00
3.616947353424113665e+00
3.576795838489764012e+00
3.521020357140276946e+00
3.602891140447251672e+00
3.714319370712873436e+00
3.816553005628326556e+00
3.551610074254331284e+00
3.836218701101886897e+00
3.656934299327715188e+00
3.633412415976720045e+00
3.669766117812893302e+00
3.464692519453943742e+00
3.602128334979071589e+00
3.721840866993125552e+00
3.519928413323945904e+00
3.587939752082581091e+00
3.547569929877453454e+00
3.636269478407100131e+00
3.581716422271548517e+00
3.668141918047698180e+00
3.598694992056456599e+00
3.646486576308323624e+00
3.655075479526499471e+00
3.664269523812296203e+00
3.438620617068348206e+00
3.647167514194779692e+00
3.608115291776748723e+00
3.549566648692334070e+00
3.674128162174465029e+00
3.733742788469911922e+00
3.515859930915136378e+00
3.585202678854083391e+00
3.626218345962282541e+00
3.625041292105353641e+00
3.706316875361687746e+00
3.517804519301935162e+00
3.743927919576358843e+00
3.965817015109544652e+00
