9.083132382101795077e-01
1.179710018988413545e+00
9.385671131820393365e-01
9.488093585565736676e-01
9.357632858193488667e-01
8.324636001441164668e-01
8.398004406527335153e-01
8.135534973221457689e-01
1.121757688207037695e+00
9.865331095417521068e-01
7.227803038098856714e-01
8.947146261887352070e-01
9.451312246955276830e-01
7.253939610907279567e-01
1.017269124446789741e+00
1.069441384638545101e+00
1.053408534945250219e+00
9.027694301615187822e-01
1.122534562684284642e+00
9.070963177087243423e-01
1.024696014013388723e+00
9.599570075562622318e-01
9.850614503340098249e-01
1.100909769666657434e+00
1.117671618686078450e+00
1.005011658992416512e+00
8.989229683613123578e-01
1.035693735914821945e+00
1.082660219234835797e+00
1.317476095626847643e+00
1.308425828091895227e+00
9.000677334356899095e-01
1.162878631482476388e+00
1.150163278608133499e+00
1.195426822730909500e+00
7.557589444729224670e-01
6.502720256267946475e-01
8.955847185858781812e-01
8.184199477877561746e-01
8.546050295245445350e-01
6.238187827202583691e-01
1.063621437589388208e+00
9.165108423178128794e-01
9.888198464104087648e-01
8.605691426288335499e-01
9.506112258912038371e-01
6.254245838819726400e-01
1.084448152350052652e+00
9.530020706097422911e-01
4.417954136393624776e-01
5.168628912306022505e-01
9.746547168841412923e-01
8.530388510004254243e-01
1.099667044168425756e+00
6.795209024118472607e-01
6.815302312387955253e-01
8.738036801605184589e-01
6.049150999689063557e-01
9.940717843700246359e-01
9.845343212526778132e-01
8.965713385006721658e-01
8.953690997953831499e-01
1.059342553458221703e+00
1.258361873512544138e+00
1.291393840530790982e+00
1.038871730081861733e+00
8.742237467375668647e-01
1.074594658218111176e+00
6.690411166539795840e-01
6.717731460187790216e-01
8.688512575188505060e-01
6.012217720805851373e-01
1.094093671923250133e+00
9.418759979377101521e-01
9.222855144904947844e-01
8.124040404000468785e-01
1.036266606907376264e+00
1.100357710303997205e+00
1.117293730147953523e+00
9.630640095564951819e-01
1.174508745993078751e+00
1.139466733879383797e+00
1.009101369052405550e+00
1.014237726021600672e+00
1.016491626484537170e+00
1.356826658309895350e+00
9.391830473054566530e-01
1.366502032914900688e+00
1.192523585787085727e+00
9.955495414414043953e-01
1.098189506896097178e+00
1.055649687163762396e+00
7.537428009169485632e-01
5.986605181403010789e-01
1.231746955782656583e+00
7.734845662499311159e-01
1.154047835491129881e+00
1.085949537591206049e+00
1.026866229465005276e+00
9.343769594314467186e-01
