3.625628325607026525e+00
3.474304809495893043e+00
3.577912932633453114e+00
3.477553263612909618e+00
3.533422560966506865e+00
3.685218773439348450e+00
3.704731220702753181e+00
3.485960388833326817e+00
3.692915391868799357e+00
3.394984712181953856e+00
3.535817499305693890e+00
3.607310479355604116e+00
3.412350891957762311e+00
3.720980541310994205e+00
3.473341211749313207e+00
3.485888668009309743e+00
3.512190993037449083e+00
3.571782807163885298e+00
3.587839043927169236e+00
3.704212589448987458e+00
3.459177158089873583e+00
3.370501845527525298e+00
3.583191243164683737e+00
3.628076755287897193e+00
3.488635821236230949e+00
3.556965776396932455e+00
3.506789074178128018e+00
3.464945257375593890e+00
3.716643838319707349e+00
3.510323225578802830e+00
3.690910358122411861e+00
3.600802913024830243e+00
3.601410002314112013e+00
3.499387072341975990e+00
3.540476420008375147e+00
3.382623942318854215e+00
3.686773264427805508e+00
3.478104328085221297e+00
3.572396682255924105e+00
3.596446779808162297e+00
3.475524350754494840e+00
3.623878598711881338e+00
3.553973910495709987e+00
3.487699448451065720e+00
3.648767410612986151e+00
3.549261711716030998e+00
3.561769439022053341e+00
3.616526632334463809e+00
3.609229949379895608e+00
3.677117100878721345e+00
3.491572441005226679e+00
3.722190833703327595e+00
3.523419534659138819e+00
3.619198544885692481e+00
3.929159958332800962e+00
3.568992113488830054e+00
3.577622690994687549e+00
3.573405882266980527e+00
3.633242593011211774e+00
3.606787137300913493e+00
3.632197419215009937e+00
3.611286911630445129e+00
3.568723106713702187e+00
3.605101786346151194e+00
3.602190959300611617e+00
3.577229835503255462e+00
3.420098146407261730e+00
3.596564892756171972e+00
3.517746566762751659e+00
3.732222695150634539e+00
3.604895434501844687e+00
3.557637423448410274e+00
3.565990780928051329e+00
3.612682623444617214e+00
3.613959796100150168e+00
3.528582882358361594e+00
3.333454089194231251e+00
3.642387666439879101e+00
3.653564746002258445e+00
3.676339584909545710e+00
3.529894574553732678e+00
3.524334758230721842e+00
3.451376918148521877e+00
3.504614383975588776e+00
3.650843009403405670e+00
3.413181685734115955e+00
3.617803521911199471e+00
3.466256075495188771e+00
3.572822416537928980e+00
3.476401792914927569e+00
3.644999463085365488e+00
3.600194188595303046e+00
3.469231972707119027e+00
3.615474091516439170e+00
3.566052611903381298e+00
3.645179242716822809e+00
3.628700602719045598e+00
3.613687576137277535e+00
3.588061452132223828e+00
3.431868366758811462e+00
