8.955163379789361500e-01
8.165440445769247546e-01
4.489578393430720960e-01
9.629241487841887492e-01
9.190130825400318892e-01
1.411918381168091985e+00
9.709908190754509283e-01
8.466317942315795264e-01
9.928635696071969052e-01
9.772562167371289243e-01
7.527954237394113290e-01
6.807645674401120450e-01
9.553759067232826530e-01
1.032101565195534532e+00
1.234129467046706452e+00
6.674876526011822575e-01
1.000944214785841391e+00
1.032928375873334081e+00
6.418443542672133129e-01
9.962897763457453371e-01
7.114278799808094744e-01
8.399634130174928881e-01
8.228861500198459966e-01
7.376785762761661758e-01
5.727603609097732251e-01
9.170151969386328705e-01
6.105396597976857631e-01
6.802299551863563165e-01
9.490206075959790599e-01
1.270606851812675631e+00
6.657575635497050559e-01
4.936917488319452207e-01
6.442623689571559398e-01
8.639201818958339718e-01
7.065985023608176707e-01
1.136797300658353826e+00
7.231926996378789108e-01
6.590562852864545462e-01
1.012912096167786880e+00
7.513535861671154503e-01
7.567091231874184531e-01
9.020931848705625589e-01
7.298752197878428660e-01
1.254185279950650544e+00
8.349517958996746092e-01
9.036192325132293979e-01
5.865858528161010943e-01
5.484636077634260642e-01
9.922184603064971853e-01
6.233066090081510469e-01
1.276571120507692614e+00
6.606959842793571624e-01
5.869399634703017510e-01
1.356772467972700458e+00
6.903139159149038750e-01
9.535470681562226991e-01
9.489057655510102496e-01
5.238094706664203626e-01
5.895523847162079667e-01
1.268717076199516569e+00
1.062124548941236091e+00
7.078842256229116447e-01
7.440014894607522855e-01
4.103360429420316868e-01
6.640341203397703840e-01
8.674459345088885165e-01
4.905181877673534530e-01
6.802726526667136620e-01
6.462138122980352062e-01
6.809300967594970055e-01
9.736733275097074758e-01
9.985822278331496493e-01
8.677659047515140500e-01
6.337503674484925575e-01
7.449817779679054341e-01
9.653403357009647801e-01
8.373758818606850118e-01
7.767129057975147299e-01
6.938302979165652529e-01
7.606987797610754720e-01
7.572071281212764404e-01
7.793787496406338056e-01
1.136959808502272962e+00
7.157749354353089011e-01
9.333493025045438429e-01
1.048831905505383189e+00
7.893967167739337487e-01
7.776177031015769625e-01
1.062034448817527954e+00
5.377846947536346622e-01
5.898425938181908190e-01
6.944923305341381692e-01
6.494841098935759671e-01
7.780924731968359431e-01
8.502566170414858071e-01
9.709183904858394998e-01
7.927602893004657147e-01
7.791505315392917019e-01
6.660194883053069947e-01
8.061745137472244860e-01
