1.566410149930587359e+00
1.702366007625086164e+00
1.434474533692365661e+00
1.554018772568398488e+00
1.529669512394373987e+00
1.527054026421363231e+00
1.559630430845139193e+00
1.499579382843586828e+00
1.660633485771566553e+00
1.458989622248122231e+00
1.582655848106338858e+00
1.656542364257756139e+00
1.588268964999505206e+00
1.441082118152943403e+00
1.536084307617228362e+00
1.451593287965799783e+00
1.375270183995808804e+00
1.438212582802452566e+00
1.409562637809379071e+00
1.418784501183753655e+00
1.408667047811420714e+00
1.481788763064461278e+00
1.512491971008694369e+00
1.475945859025743268e+00
1.466138180351278963e+00
1.555943655782573432e+00
1.588818148686465204e+00
1.557422274675432261e+00
1.622200303988829306e+00
1.449277612356902223e+00
1.396752489370097106e+00
1.407019277189480722e+00
1.410387681813597194e+00
1.442546242608381490e+00
1.482987870866340874e+00
1.448820104132328757e+00
1.455032439170440117e+00
1.606695356231294447e+00
1.497483436961825287e+00
1.694023519808069977e+00
1.550578500644450575e+00
1.416602280639155609e+00
1.634443551791977534e+00
1.598386285769761717e+00
1.621501399558625822e+00
1.710301864541040162e+00
1.651332654490511143e+00
1.784635969537055056e+00
1.645433666360621272e+00
1.545191299233150906e+00
1.520493003727491965e+00
1.650607530595608052e+00
1.590624670393310236e+00
1.714306985637182423e+00
1.604379741865321174e+00
1.700113257843249182e+00
1.650256199222418507e+00
1.608402053576686530e+00
1.695381056779874385e+00
1.598477359556271127e+00
1.469898520951763654e+00
1.694079618165239332e+00
1.564927778514014767e+00
1.565955693394150972e+00
1.748163465775842917e+00
1.561693974406098473e+00
1.596498769044203403e+00
1.709502874914694326e+00
1.621337828398290881e+00
1.543038220882810174e+00
1.566904366891193723e+00
1.514591631381996706e+00
1.519577062453601135e+00
1.672843680479803030e+00
1.526529657443963295e+00
1.599708558389269175e+00
1.570244380834631803e+00
1.646518638786951261e+00
1.628961500704313892e+00
1.564818093693258527e+00
1.494738838086479005e+00
1.532938312198268260e+00
1.624453836540852736e+00
1.663276079242209216e+00
1.630364635087721670e+00
1.603228074827263372e+00
1.659515622508335841e+00
1.567949145646568621e+00
1.740556938432207712e+00
1.860031946348670528e+00
1.630407053653099902e+00
1.554678846902114886e+00
1.517936140595428807e+00
1.603955531895514097e+00
1.636527646635763444e+00
1.558458769005042210e+00
1.538205431782581512e+00
1.542351319213989047e+00
1.607550872128989727e+00
1.825597115977082963e+00
