9.324964875522491203e-01
6.396000109911895715e-01
9.210379750909055696e-01
8.816831518549610447e-01
1.688012299118905934e+00
1.265428161197680534e+00
1.003868647267031733e+00
1.160420888152105867e+00
8.089535068893146663e-01
8.905049591947123977e-01
1.446965436973854491e+00
8.254578274827648610e-01
1.009163694779250831e+00
1.224632369578495750e+00
9.351944853684364123e-01
7.267915671580826853e-01
6.565428827376106335e-01
4.026711266528831823e-01
8.119452058263573191e-01
1.112314708504696714e+00
5.467634756832575604e-01
6.632834585269260508e-01
8.940760948044579326e-01
6.879290734643700445e-01
7.413688713213889558e-01
9.256303874951026245e-01
1.097150597827388774e+00
7.472333196944450640e-01
8.555949567614025142e-01
1.297312665433997481e+00
7.266246162482107307e-01
8.806336936284977490e-01
5.294391485632242711e-01
8.656603378062222021e-01
7.002868898555670851e-01
7.096388056933303767e-01
5.611733850194560169e-01
8.825246848711689740e-01
7.857905250520423879e-01
1.072670593808806583e+00
8.264641335050018078e-01
8.689127218853347490e-01
7.814832434776873837e-01
7.853888532780730625e-01
7.635958221107779220e-01
6.172027482370180396e-01
1.079726278576922383e+00
9.303806504078452333e-01
7.153932170833199322e-01
6.526363520631349724e-01
5.578922983398435509e-01
4.985998907577582906e-01
1.010890488512335095e+00
8.065151511918183802e-01
6.728563558837001857e-01
9.466114774950401545e-01
4.491883371329995489e-01
9.004527595880329471e-01
7.417621475271081177e-01
8.668032470970030712e-01
3.990998574590102765e-01
9.620278950426063291e-01
8.642339280338774410e-01
7.233188640091475774e-01
8.495256475797604567e-01
6.198021344884394601e-01
1.000611059234616684e+00
9.930381487409305485e-01
1.232403119496761956e+00
8.296695117331193137e-01
7.723495347641724518e-01
1.152920831169246707e+00
7.177829722389338363e-01
9.940507097794999414e-01
8.731283865356156415e-01
9.369607446614125479e-01
7.629107640770782517e-01
7.169851281896353346e-01
1.307056855971319598e+00
8.214773126728189823e-01
1.120001539889666997e+00
1.534697575812598247e+00
7.987094363981688261e-01
8.410860522467653588e-01
8.420634894505338863e-01
9.683138490550229349e-01
6.630544535556097685e-01
6.759476139832978347e-01
7.889303569937086147e-01
9.544702040927155462e-01
7.097910901828684560e-01
1.038661945445150447e+00
7.512477552188379093e-01
6.092442742973523950e-01
1.331564748928469877e+00
3.603546797432118920e-01
6.429624336449963895e-01
5.807932788412740743e-01
7.292146950323408205e-01
7.759214374431914196e-01
