1.565732756875433118e+00
1.639686079021628995e+00
1.608629374935408363e+00
1.922245885763480766e+00
1.596865885403559115e+00
1.861598812748312293e+00
1.730783646197374459e+00
1.954969160346792689e+00
1.626135022464830993e+00
1.687061077254701669e+00
1.733801287371143474e+00
2.083108034857722668e+00
1.833388544681745724e+00
2.002801995859500916e+00
2.174213978952017179e+00
2.252859869058164044e+00
2.195908219410655171e+00
2.229481821405977726e+00
2.045520046948155812e+00
1.715415039026267019e+00
1.722768549769076785e+00
1.931265659594344486e+00
1.839588866271802736e+00
1.717745046345983351e+00
1.588455977142680720e+00
1.685591015566166195e+00
1.949763852928647845e+00
1.749226224500723736e+00
1.725482509306651036e+00
1.501287518793710918e+00
1.805992290609868434e+00
1.768000315625710694e+00
1.831170690999349482e+00
1.792085056621169903e+00
1.989163078552330211e+00
2.093311795718712176e+00
1.782185833660983265e+00
2.003490204857542700e+00
2.381376479964936177e+00
1.916384955405013413e+00
1.540640307001418963e+00
1.580923721950478145e+00
1.522192489382044212e+00
1.637720680899345638e+00
1.615204637284184397e+00
1.593828513826921700e+00
1.614686940164868467e+00
1.570470054763140721e+00
1.774858982589042844e+00
1.747638628847715037e+00
1.850581309423545706e+00
1.848757168086544223e+00
1.915360143985860741e+00
1.726923762152571928e+00
1.803863111735848346e+00
1.802026647601578269e+00
1.959106210680331861e+00
1.806212462753777004e+00
1.718990798132431497e+00
1.693646793967270137e+00
1.598641343249799895e+00
1.855435100440900209e+00
1.984932141405985506e+00
1.726144230963283954e+00
1.513320472325493160e+00
1.760425572854611431e+00
2.109949802579979661e+00
1.731295363617935346e+00
1.713770028760551289e+00
1.943844284396316180e+00
1.937995469950208882e+00
1.528321807859930770e+00
1.474455835818029303e+00
1.714549074956151165e+00
1.755201836671475890e+00
1.746834950571459100e+00
1.864513403395136493e+00
1.919341806236556813e+00
1.908670762583787095e+00
1.898767932105600131e+00
2.034936843710438481e+00
1.988191974694383024e+00
1.917914941408235485e+00
1.918003714957474237e+00
1.710102354528918456e+00
2.068083062762537061e+00
2.027493610499509824e+00
1.852114580497913998e+00
2.042071591134123398e+00
1.914892817716262297e+00
2.256008449342512545e+00
1.843295664348602481e+00
2.035436673482717396e+00
1.754130015317245217e+00
1.959339742495701531e+00
1.685688461665250770e+00
1.733150228514568125e+00
1.727389173839396719e+00
1.917632116865583214e+00
2.000270592751081100e+00
