1.590296584790960033e+00
1.616941224778017716e+00
1.495768665849113388e+00
1.716209026531975601e+00
1.610971801469634812e+00
1.561631446740850082e+00
1.518724261832844480e+00
1.614952944900021281e+00
1.465404173096469753e+00
1.640705457825393010e+00
1.535552492716833806e+00
1.492216768547705463e+00
1.597705249132224115e+00
1.618334712837538047e+00
1.556377475840408531e+00
1.500263152995364502e+00
1.574019018477012866e+00
1.489707561847008144e+00
1.577316294890088288e+00
1.606900791969611664e+00
1.583411023620394209e+00
1.643735450916689489e+00
1.591285865271680811e+00
1.554157072354175551e+00
1.531545089715337982e+00
1.758289593402371231e+00
1.552012074868413638e+00
1.678822219875832467e+00
1.714275679649797990e+00
1.559083056155531777e+00
1.636826194298400594e+00
1.566193819306820112e+00
1.719577604525095227e+00
1.712335276912673176e+00
1.693808207708801250e+00
1.767089141645250772e+00
1.777461047004867734e+00
1.738116244591540127e+00
1.871362920090569926e+00
1.738635546021589207e+00
1.664149328504224368e+00
1.592965205241139826e+00
1.561423132610278541e+00
1.567382741702232130e+00
1.540189871039679304e+00
1.781388768441038106e+00
1.640638459312834696e+00
1.640732907842441524e+00
1.613649214450853187e+00
1.724722647010041410e+00
1.621611349627646304e+00
1.573266219610883754e+00
1.638960546907327620e+00
1.599733254124466431e+00
1.642334547406129941e+00
1.594954578687339808e+00
1.563157157996260649e+00
1.554814185989988884e+00
1.617151927286182733e+00
1.625036640088462159e+00
1.601781062497511510e+00
1.607868302329174215e+00
1.734264590790312699e+00
1.793503470032536518e+00
1.731408791592738972e+00
1.675023477368830838e+00
1.562144943930779073e+00
1.486474003039364167e+00
1.598654928781283457e+00
1.558202393118462314e+00
1.675344661278858283e+00
1.610796713824112159e+00
1.567364545120889963e+00
1.562059584515605115e+00
1.622763552480676053e+00
1.677444081120234021e+00
1.718864983469674312e+00
1.597818035095165845e+00
1.730157235198510168e+00
1.670221862939639257e+00
1.611874582407205159e+00
1.678573882640554737e+00
1.566482369267902630e+00
1.629273077419758353e+00
1.611046456262787530e+00
1.559247245347929134e+00
1.714346128785786627e+00
1.576840964418826374e+00
1.455809796754818253e+00
1.574747828297663022e+00
1.533405847756055262e+00
1.592016738801198983e+00
1.532851849663738442e+00
1.560750860226834513e+00
1.598377733069674012e+00
1.437218618610684340e+00
1.472829275091380508e+00
1.570232383756855477e+00
1.642018024054802128e+00
1.477065552105506274e+00
