1.727091947670051031e+00
1.861950868765786193e+00
2.030453474150760940e+00
2.065228650450258385e+00
2.141257680615912040e+00
2.103708958506096405e+00
2.093342599198230403e+00
1.807516980380280192e+00
1.732181345008219076e+00
1.773171875444840229e+00
1.620568126749390769e+00
1.491198325400207247e+00
1.484773531063595220e+00
1.712258118356907000e+00
1.529941577917486528e+00
1.484366688633200759e+00
1.727156152228528141e+00
1.716232537685743909e+00
1.576255980144986246e+00
1.606039918628335839e+00
1.611006279430603261e+00
1.669704522194165319e+00
1.580638338479151139e+00
1.619007401588766326e+00
1.633646443436516993e+00
1.675173986117053149e+00
1.643123132719375379e+00
1.870029142664505706e+00
1.756305230525327943e+00
1.853886730694329632e+00
1.658522132632932689e+00
1.638250907975325799e+00
1.731473073110108452e+00
1.714955739311972316e+00
1.588691527331364428e+00
1.639119907372001972e+00
1.596612218776810588e+00
1.560492215965736174e+00
1.488910984742111143e+00
1.592834076447753988e+00
1.632521958985047261e+00
1.609371439887997024e+00
1.548092410290627940e+00
1.622093198670382819e+00
1.575152637895349983e+00
1.545861501065384447e+00
1.648201282392934841e+00
1.724810516280343098e+00
1.598591356176576550e+00
1.501887704768664955e+00
1.536469383412102374e+00
1.569823599507357503e+00
1.482774403189342616e+00
1.514461328344824498e+00
1.595011840120264646e+00
1.620871125021544623e+00
1.687056807659272906e+00
1.734865743459169884e+00
1.650320075653337382e+00
1.733662645532583202e+00
1.832438614496647578e+00
1.647507089077562270e+00
1.715846661585801458e+00
1.715692797150466298e+00
1.659457344975005855e+00
1.710529295231878688e+00
1.730892161947969354e+00
1.718378744172821104e+00
1.838809289633486665e+00
1.821096466283901094e+00
1.850123395252973868e+00
2.061469721277277234e+00
2.108765770576883636e+00
1.820177607166209244e+00
1.747375424573605729e+00
1.876747727197444870e+00
1.785153900826405682e+00
1.871201465137555697e+00
1.737268355489327343e+00
1.752832489097542412e+00
1.771184704245331698e+00
1.755635055509979559e+00
1.804965623943108000e+00
1.836684546059154322e+00
1.753164371703982871e+00
1.749583692593126960e+00
1.723799010137090137e+00
1.751326206862230617e+00
1.714324018590768439e+00
1.639706775329879296e+00
1.656722043556663637e+00
1.653956972233713740e+00
1.749045980039556358e+00
1.781205753890673371e+00
1.748433099285010561e+00
1.739986657641233281e+00
1.793966276444735719e+00
1.778405771440096261e+00
1.722374607208454922e+00
1.754298277766176417e+00
