3.445651476814239444e+00
3.755479465001648975e+00
3.542953363863065253e+00
3.648929341084925504e+00
3.520293154249786838e+00
3.537965180390715059e+00
3.544170401580976293e+00
3.827191473964597357e+00
3.692835752040470432e+00
3.565848413029055308e+00
3.575473671170280809e+00
3.458228944921827974e+00
3.632751059860316101e+00
3.481002408564863870e+00
3.483515138260540489e+00
3.634595527028333439e+00
3.600032575582971184e+00
3.516995113126958117e+00
3.411573579153095892e+00
3.607847195917465388e+00
3.458623699534149498e+00
3.460175417632893158e+00
3.519525986863757616e+00
3.590653875004059525e+00
3.641718433181133641e+00
3.521133472722319357e+00
3.484802113025420311e+00
3.681123663068535556e+00
3.545470254642311581e+00
3.808555357914151340e+00
3.927121044599244382e+00
3.620392188822843860e+00
3.485469195561388567e+00
3.667943687395568642e+00
3.551045215062735849e+00
3.798011354725793876e+00
3.912890799785655016e+00
3.809787868651188791e+00
3.899428250839378052e+00
3.790237908891755492e+00
3.623729781317288623e+00
3.650787834584346747e+00
3.564096483910482505e+00
3.632435044037054972e+00
3.662236794120659500e+00
3.472016698763495501e+00
3.594566900582572444e+00
3.639739784628905905e+00
3.697441085507652936e+00
3.679904103328818898e+00
3.681970273922431591e+00
3.628471594093563013e+00
3.604364703730910779e+00
3.578730750027395047e+00
3.321735611214328365e+00
3.588967671524884828e+00
3.593834643535451345e+00
3.477816576539091820e+00
3.556285016516734565e+00
3.573395174444902178e+00
3.582449387801907026e+00
3.520404401213571788e+00
3.756777671701900800e+00
3.659822644443738060e+00
3.566001020322955295e+00
3.608391075486593547e+00
3.525390208672473324e+00
3.585572240663320809e+00
3.516175784337289834e+00
3.704740583897652595e+00
3.632238373550125576e+00
3.403236993544828337e+00
3.781192281949836254e+00
3.579963520938368227e+00
3.698848609251791153e+00
3.869812172437317788e+00
3.821200500980519887e+00
3.630224902637946283e+00
3.707485397274435268e+00
3.628393649282117828e+00
3.265786990003642032e+00
3.718584848053106295e+00
3.410893259806229150e+00
3.499448339375603734e+00
3.686678296993221693e+00
3.726772873898507754e+00
3.569356885952130298e+00
3.533251360113591755e+00
3.711412028621638992e+00
3.600907622601498659e+00
3.726360897716158860e+00
3.460849326906987322e+00
3.487286058078816975e+00
3.616970111603338367e+00
3.390258659609698633e+00
3.610649076624859344e+00
3.746082881867865311e+00
3.534166150107273641e+00
3.428024131139581598e+00
3.586217898505272395e+00
