9.197494471938130189e-01
6.691315910038561077e-01
1.317935361676766171e+00
5.401216062378835225e-01
9.469392097493388727e-01
9.208461618989344233e-01
1.175145967449541251e+00
7.318841070048978104e-01
8.987050516865366934e-01
7.539330882980777027e-01
9.288641157022576866e-01
5.765758774491267502e-01
6.452909500769362650e-01
9.029184528857381320e-01
9.494911067095470614e-01
9.505281461260176590e-01
1.046487912256926167e+00
1.051594128691976771e+00
1.166534803584012181e+00
1.070264673236232200e+00
7.420466177055343726e-01
1.067114093408117137e+00
7.832161932165692120e-01
5.300781244989825058e-01
9.905846726194192930e-01
7.195179289321954608e-01
4.559210116909356292e-01
5.372882063869511837e-01
7.916704724603988996e-01
6.549402628376463920e-01
1.028391507631622792e+00
7.721355345401067494e-01
7.841512527505158925e-01
5.585681474013179937e-01
5.868453386675703820e-01
5.879044489865948853e-01
8.615102730166200873e-01
8.249730497492768766e-01
5.494141452669286663e-01
9.471405888156568809e-01
8.282328958960987197e-01
7.937448945961270708e-01
8.816520671550374111e-01
7.547223687775266310e-01
9.006089303786934952e-01
4.861589844224008528e-01
5.125418385489080020e-01
8.828241776574980992e-01
7.113841604905911664e-01
6.500589808311014739e-01
8.084158800519816168e-01
9.953338122710422287e-01
7.946588750557305181e-01
6.018462458600332132e-01
8.534960526778272438e-01
6.319132608733237788e-01
6.998926174235360342e-01
5.477634363481337365e-01
8.507427321897715888e-01
1.621868882413968871e+00
7.016422610448594943e-01
4.856354182956920118e-01
5.817685870396542835e-01
8.967388967599507765e-01
5.744563054120024326e-01
7.624204973193515755e-01
5.273482942349858593e-01
6.856399336891283447e-01
8.407213727751494670e-01
6.057328021631666060e-01
5.087921773343194731e-01
4.755702418407936616e-01
8.210256324113346382e-01
1.072596931503378093e+00
1.086123546389105909e+00
6.020054246393874431e-01
7.140928559173169710e-01
1.250833056020693945e+00
7.214162878577455862e-01
1.199053991157696508e+00
8.781906436108718461e-01
6.969241686008423864e-01
8.352392717256035271e-01
4.776134727414348968e-01
7.418992083386871661e-01
1.057869758491088774e+00
8.948389763365816041e-01
6.600764416510961352e-01
6.893901379321166756e-01
7.263431494602758942e-01
6.949427759510387048e-01
8.133213263770295853e-01
8.653971970865544927e-01
7.786945468933427206e-01
9.128019122109607419e-01
8.380834409148402164e-01
7.534118446482577225e-01
4.462952679120951727e-01
8.318009917881641346e-01
7.965163825326233571e-01
