3.599684046435002394e+00
3.456867419346967729e+00
3.773920128890119408e+00
3.597271115594835145e+00
3.555187080084588835e+00
3.597674465678973199e+00
3.452299755743755139e+00
3.535129164965768567e+00
3.387837743885788289e+00
3.505705325985064125e+00
3.485245888259692393e+00
3.448985904562205551e+00
3.579417679982518585e+00
3.628051575871025669e+00
3.496986560045435066e+00
3.447876539628504489e+00
3.484873159336742798e+00
3.523616720835504257e+00
3.442935156642620509e+00
3.355531595855684390e+00
3.398439429259319855e+00
3.605110254442900342e+00
3.329242775382598385e+00
3.345853114083174873e+00
3.626185022422962145e+00
3.600527436715864393e+00
3.469247281170575015e+00
3.593339619144829022e+00
3.720059488663850278e+00
3.576950396308249847e+00
3.722670840923021807e+00
3.491345637214354980e+00
3.561664258201675537e+00
3.512967682377060363e+00
3.630234780663832428e+00
3.550957287600130297e+00
3.657186220217569339e+00
3.445447508012219995e+00
3.373869682801951431e+00
3.660222111019690860e+00
3.660590323842925375e+00
3.496125944424469001e+00
3.593974241530307090e+00
3.532180684693293937e+00
3.616213633739967293e+00
3.703741017439734495e+00
3.546724496479888078e+00
3.444748514164951647e+00
3.497135560497562690e+00
3.544300406157669059e+00
3.333732992706166520e+00
3.450005620223490777e+00
3.567142959209614883e+00
3.458390274411845322e+00
3.663790193947300100e+00
3.566539781358347483e+00
3.397945308164007638e+00
3.583224369628798200e+00
3.766962498907074242e+00
3.546919960052883347e+00
3.415896424046715119e+00
3.541743876255078582e+00
3.632967970844656502e+00
3.454003143773586082e+00
3.584102108237610995e+00
3.528102754349795145e+00
3.393110226302176624e+00
3.483088908027540676e+00
3.596695065894341514e+00
3.440262559634366113e+00
3.453584842739878091e+00
3.686346311776621310e+00
3.665033835980493482e+00
3.563600097678062184e+00
3.730037343838552566e+00
3.528559477548195655e+00
3.570352799852959169e+00
3.797877415049723648e+00
3.534680834436427777e+00
3.598400346417052642e+00
3.614242215214501730e+00
3.504421472297552409e+00
3.563460107914997455e+00
3.635886621068244562e+00
3.579635601510792409e+00
3.506156963515763003e+00
3.693930573551260199e+00
3.426187664736382477e+00
3.511469157431339472e+00
3.555712996296173323e+00
3.523675324618711802e+00
3.407566529056361482e+00
3.651011833188931632e+00
3.414180049157928831e+00
3.700046355237547768e+00
3.491562862755219765e+00
3.621565888458826432e+00
3.514200037821131772e+00
3.505009640767353662e+00
3.564585711713038840e+00
