1.359718170704143247e+00
1.454255291672098993e+00
1.735121186498968626e+00
1.447831446994235272e+00
1.551282768649359989e+00
1.514941081629173514e+00
1.707420943795458612e+00
1.571757583715604589e+00
1.747035351088500388e+00
1.531163091793200870e+00
1.564238263196927381e+00
1.502576245267086996e+00
1.519356526109707950e+00
1.558960659524755377e+00
1.516155077637500792e+00
1.558758874232086811e+00
1.571924992849332181e+00
1.480593822924777037e+00
1.450274760472768376e+00
1.648275216381806629e+00
1.534939050458241860e+00
1.493436106731821811e+00
1.617487323078410366e+00
1.710957436493495853e+00
1.441112647445642825e+00
1.482496333890555462e+00
1.536532859401988471e+00
1.495249035817172834e+00
1.580646761150254820e+00
1.532323848276079037e+00
1.593899811070675687e+00
1.695381290631556848e+00
1.638675913837366327e+00
1.607425173525133699e+00
1.532672006290929367e+00
1.555653681310065650e+00
1.619362300539197053e+00
1.589319386932280143e+00
1.675165212124857916e+00
1.539080019938790622e+00
1.511444706623845002e+00
1.560819851777235145e+00
1.606661336185364997e+00
1.533900679286030577e+00
1.655387963851664423e+00
1.604074162986214303e+00
1.641647221545728952e+00
1.595875829492805265e+00
1.593997002704462318e+00
1.493132019990530246e+00
1.477722748228089245e+00
1.475518669578931741e+00
1.525535168722234936e+00
1.515469135051286997e+00
1.547036697607662381e+00
1.568514950684412490e+00
1.667625566820776895e+00
1.542406201864293669e+00
1.607752612113536372e+00
1.633866413350572699e+00
1.442972567284467988e+00
1.465601587335872535e+00
1.465322992096464993e+00
1.650822715026476706e+00
1.550118831836213795e+00
1.453654019132388120e+00
1.548124163322277758e+00
1.627693731765798235e+00
1.676451522070051103e+00
1.690795955983182886e+00
1.485543370262130791e+00
1.716488753723890870e+00
2.155858736403663212e+00
1.739085811916468716e+00
1.561742604165068604e+00
1.557573298979923138e+00
1.640031729962158957e+00
1.605173385561230459e+00
1.617469934829029787e+00
1.587638072773970732e+00
1.611583475101709295e+00
1.668221292248482257e+00
1.670388908956696783e+00
1.623194888712545803e+00
1.501291917121221342e+00
1.625506184842571367e+00
1.700750112300391859e+00
1.597883619474920414e+00
1.573030050789371082e+00
1.688136859877092721e+00
1.640534548093681488e+00
1.668323812112913807e+00
1.517798461166895096e+00
1.596298330807551569e+00
1.449134170228816298e+00
1.641401715428964403e+00
1.603043376571061884e+00
1.650914731326375673e+00
1.538812023747015978e+00
1.495138688488007128e+00
