1.561977990463832011e+00
1.567347736686667048e+00
1.557682705251757893e+00
1.464780496649698893e+00
1.416377545892686607e+00
1.606837136056008530e+00
1.498593091717437487e+00
1.433374968407332251e+00
1.442735192004463096e+00
1.501346323767801527e+00
1.581315792742186588e+00
1.594701414880995927e+00
1.581935833103666811e+00
1.591590328327824100e+00
1.555167023118203762e+00
1.674200104567336478e+00
1.725015576118200444e+00
1.748229204759162991e+00
1.713665263444552833e+00
1.601878543320347958e+00
1.671944379989203533e+00
1.749918298198384736e+00
1.588233763272714150e+00
1.652243627519902835e+00
1.539120200583167675e+00
1.844036873511754493e+00
1.731883530126843374e+00
1.658419116100422919e+00
1.732976311812343129e+00
1.658343967494196880e+00
1.699797160923380623e+00
1.723001363108671136e+00
1.704781574792537446e+00
1.613713797941652039e+00
1.761789172184220043e+00
1.870817012843843496e+00
1.789544072578830969e+00
1.908582580011474850e+00
1.767086820990698914e+00
1.834642039967144589e+00
1.876741375796783462e+00
1.787504176028243519e+00
1.834159689005398164e+00
1.844256063251443978e+00
2.005876398902801228e+00
1.980129004490805755e+00
1.843965904887321372e+00
1.910601391631426837e+00
1.837850817006775994e+00
1.826081150694860211e+00
1.755647943776341036e+00
1.720580025602208130e+00
1.782186948803932580e+00
1.827310582918317383e+00
1.895176163627708910e+00
1.953274011179629843e+00
1.906669444853007045e+00
1.896440644104372408e+00
1.973787652059457054e+00
1.942088998851670523e+00
1.971997832768630721e+00
1.812719263754174692e+00
1.889406326468332287e+00
1.900077070220555830e+00
1.907382022357903661e+00
1.811419140767587699e+00
1.700435722761404866e+00
1.759537895463653800e+00
1.734950740876315844e+00
2.047310468230646663e+00
1.693073042487445612e+00
1.696209064948207335e+00
1.697980069956963822e+00
1.756643821550472273e+00
1.665469114935658856e+00
1.744440703793073144e+00
1.719233893694992243e+00
1.705944008188045258e+00
1.734538076042431820e+00
1.821615881053522346e+00
1.711517869266339087e+00
1.740358145299341963e+00
1.758315305597347056e+00
1.868929526566418753e+00
1.856947403805165875e+00
1.808445503525982767e+00
1.975966150702604951e+00
1.747990047183496598e+00
1.695402822767562379e+00
1.829521093722126013e+00
1.797135130659206048e+00
1.701200212606774897e+00
1.792104408615620370e+00
1.718041814580602011e+00
1.764644299022876339e+00
1.726844285026031711e+00
1.865771821689638399e+00
1.750776380967243639e+00
1.695352314653861825e+00
1.810614043334543677e+00
