8.564119413855317831e-01
1.349170153441344278e+00
1.353100449998299704e+00
1.028039360684952719e+00
1.375322567397186724e+00
1.311002302056484270e+00
8.993092435908679461e-01
5.530842525967010204e-01
1.022426953367311375e+00
7.164852148443835445e-01
8.959319506338847550e-01
8.127228053788978501e-01
9.918597281231207319e-01
4.531426961682230026e-01
1.309544210884971083e+00
9.295956046178864840e-01
6.071302020406380562e-01
8.662575874463015468e-01
6.351808543645838245e-01
6.470301304764243255e-01
1.019754004809739989e+00
1.040123449549407830e+00
1.615147198664411254e+00
6.659800483522752002e-01
8.963194138709672520e-01
9.651969965851633360e-01
5.659952252193934941e-01
1.452385075120828484e+00
7.445684456880999891e-01
6.368186462910772061e-01
1.186885202898782410e+00
7.912083243108950503e-01
9.608354375702857775e-01
1.104853920470283413e+00
6.729413631073263291e-01
7.229078578976990688e-01
3.966474392979291164e-01
8.311296865698030167e-01
9.654368621150797303e-01
6.841815191398334939e-01
7.355187559596126912e-01
7.567753367093444927e-01
5.081983732536154985e-01
5.844663251319984765e-01
5.952553862646441374e-01
7.487613663414280918e-01
8.938926403465636827e-01
5.075458580031921851e-01
9.464130906126132503e-01
1.045192670555105119e+00
6.579261953827264531e-01
1.064318246077667451e+00
1.032634731156610197e+00
7.781229125312806305e-01
1.215421105455945172e+00
1.131851587544916660e+00
1.018055199259785715e+00
8.224009799158465972e-01
1.447862776796455586e+00
7.552100323751125277e-01
6.257911316280995173e-01
1.043259526823067107e+00
9.682841073179568880e-01
1.005480644784632949e+00
5.436885328593243916e-01
8.305340402096059726e-01
1.220331772953848981e+00
4.322761067612518882e-01
1.058563668561192106e+00
8.699331749871922481e-01
6.412538976533640467e-01
9.458700483921488322e-01
6.284843975261774629e-01
1.366277197328876980e+00
6.857992534124167650e-01
9.041563713469757957e-01
9.780343196174454690e-01
1.067539791113804704e+00
1.212845473504534199e+00
5.892986751461640749e-01
1.364045222309649974e+00
8.931780910295071818e-01
8.412221287276082649e-01
7.458529156330094834e-01
1.297125053547088180e+00
1.015971550280928559e+00
1.017543776012685752e+00
1.499102029710609463e+00
1.113973905969231959e+00
1.036120720286297869e+00
1.137527185321181689e+00
7.192409948769117323e-01
8.872944132067613898e-01
9.422072703372572633e-01
1.359854722820149631e+00
9.487874043389291634e-01
1.371466105405987124e+00
1.116741237115579377e+00
9.216063137352853429e-01
9.843658442356594263e-01
