1.428791716902423792e+00
1.577433117674590601e+00
1.644971209701201698e+00
1.510994449529920791e+00
1.539268145108528829e+00
1.501588167225863746e+00
1.672608513094127503e+00
1.493029233557516378e+00
1.884092897929070975e+00
1.672660306831550425e+00
1.561441612611941032e+00
1.731473695069006391e+00
1.693467136614517976e+00
1.554137246562133257e+00
1.610868250416870762e+00
1.651121337595983229e+00
1.594786815140268654e+00
1.545927108741496081e+00
1.612287369903780521e+00
1.646685306501578960e+00
1.504182950380636985e+00
1.419853000200713922e+00
1.546311130137260070e+00
1.553779364856590073e+00
1.571820945952039139e+00
1.611445944844059452e+00
1.515565542791515785e+00
1.646687862079106779e+00
1.567571883404633271e+00
1.864542346141407236e+00
2.015549723297339391e+00
1.861729898241894610e+00
1.684820312772668416e+00
1.810770779013081144e+00
1.629272543155358077e+00
1.644382671713666699e+00
1.653625971901129255e+00
1.690192336175824650e+00
1.720501542631988734e+00
1.733736998074794311e+00
1.740304857464946009e+00
1.839277323885928794e+00
1.759070621947546265e+00
1.840255108775550541e+00
1.807837166959725961e+00
1.826614223289869887e+00
1.899359345357207740e+00
1.738799552249449043e+00
1.857710261413197950e+00
1.813723089895067808e+00
1.694738178234315162e+00
1.713520890044632816e+00
1.600353794330506174e+00
1.751363974921418709e+00
1.667765869570663861e+00
1.818383493035176768e+00
1.825317018683944692e+00
1.731465990594175830e+00
1.560505168812863497e+00
1.544586961604796027e+00
1.622053396598334141e+00
1.587573100275997851e+00
1.639695540924370309e+00
1.716882441521993208e+00
1.898447482794019869e+00
1.699499882317008881e+00
1.762857791987166411e+00
1.497707556694993336e+00
1.669684105390353279e+00
1.650454709453337054e+00
1.637135138144169222e+00
1.610176779855688967e+00
1.604562854783046388e+00
1.688108540796489754e+00
1.624642199213577776e+00
1.680010711873095586e+00
1.685750576888311425e+00
1.765329942978221434e+00
1.756637268465916391e+00
1.790398995608362798e+00
1.673629330382410574e+00
1.638945915021757127e+00
1.646186535315876887e+00
1.666888611088118477e+00
1.693006493498290244e+00
1.736688321544034519e+00
1.737653686407648612e+00
1.791673717518362574e+00
1.627478085502323868e+00
1.687820062607647387e+00
1.639389423451801164e+00
1.617951306435596148e+00
1.565971361950434071e+00
1.670059810424444624e+00
1.768442702731936045e+00
1.679416000075146576e+00
1.699416483003479028e+00
1.742916966686078428e+00
1.735443608828366679e+00
1.894146427520197795e+00
