1.530355099908175864e+00
1.744241092634798651e+00
1.731690948204820835e+00
1.763474175921141418e+00
1.644967575541374849e+00
1.715690048357564557e+00
1.728311683577534730e+00
1.783755536086000237e+00
1.743941620475400356e+00
1.667216440635035601e+00
1.689415561946769451e+00
1.597854506327166524e+00
1.723574607561074501e+00
1.717181539783222854e+00
1.643193251445312919e+00
1.838610418210142594e+00
1.645723897746681930e+00
1.800125948991977420e+00
1.577170341852180746e+00
1.648211629158933711e+00
1.587607303120513125e+00
1.589105095459733441e+00
1.600316894563416081e+00
1.623371988177024328e+00
1.477368192218169396e+00
1.635793113121310371e+00
1.507671592864584298e+00
1.494039456859437065e+00
1.482664622976149760e+00
1.727687277172156533e+00
1.673639827664076929e+00
1.550506481178502094e+00
1.650114396841838138e+00
1.762098608946798262e+00
1.683629765217561358e+00
1.574280904248702484e+00
1.506522815323927622e+00
1.595566567039631956e+00
1.477343211715779869e+00
1.419993453749790913e+00
1.489031124444378795e+00
1.543784683068354369e+00
1.493291118580642340e+00
1.755090917467385658e+00
1.684078951980448879e+00
1.527759259576953577e+00
1.621447824164084173e+00
1.572546196065815360e+00
1.741076759290602682e+00
1.688724631817619892e+00
1.722168104918630371e+00
1.654178894632070573e+00
1.520397794838388217e+00
1.588761101343323379e+00
1.602742875300890102e+00
1.674852296736196733e+00
1.736952590949553565e+00
1.658045013233912623e+00
1.697350415284468061e+00
1.767369890898452089e+00
1.615161613242422467e+00
1.712062136044092187e+00
1.730392731326435563e+00
1.662383138734188304e+00
1.835602104257559875e+00
1.761870812080549520e+00
1.732858567545462192e+00
1.720914475272694810e+00
1.668289908990262527e+00
1.739796251721402287e+00
1.622567259376925586e+00
1.641230238056620605e+00
1.725124488028174641e+00
1.818048399389302183e+00
1.750536017475056383e+00
1.682077355210660263e+00
1.701524614832353732e+00
1.721575832002315343e+00
1.617717104394275518e+00
1.783333270233988355e+00
1.726325136042990982e+00
1.777324531024589982e+00
1.724329473892837639e+00
1.651947420424639823e+00
1.711253425157444941e+00
1.909681494943907154e+00
1.687138924102975057e+00
1.811516064289239836e+00
1.769667272653988377e+00
1.902256689872150686e+00
2.089091209712913066e+00
2.016627458788572635e+00
1.983410340513301007e+00
2.018856353039142348e+00
2.041708826236591889e+00
2.062634401844844589e+00
1.985366216086865476e+00
1.974686007751328187e+00
1.994631604691322169e+00
1.924812791236976794e+00
