1.007570743070039132e+00
1.221865997371719192e+00
1.025351724200004089e+00
7.744179297501792014e-01
1.156222681648147788e+00
9.982838054298590613e-01
9.838756711832594704e-01
1.072540272309677967e+00
7.782882778583127825e-01
7.865891580056145749e-01
1.134291471959962161e+00
9.666833580896992961e-01
1.010649471608362271e+00
7.497198040976817968e-01
1.275001192886774826e+00
9.279296545593089807e-01
1.186265726003936427e+00
1.272540290280959718e+00
1.500879180062269169e+00
1.209547276135946481e+00
1.421207010833856810e+00
9.324545037342015785e-01
8.782585764848398480e-01
1.244013051770213707e+00
1.218353402790456563e+00
1.050434614725651361e+00
1.255738125881394884e+00
1.090504285265154305e+00
1.443854624831623523e+00
1.325611365050912926e+00
8.619154294396510485e-01
1.012454106125180830e+00
9.122850800638283575e-01
1.170938028075723114e+00
1.089882100273236842e+00
9.159876886703672838e-01
1.192041152702064011e+00
1.080098625028937720e+00
1.048874116613188523e+00
9.136260665416382487e-01
1.216440259818062808e+00
9.845107902464647065e-01
1.191750761545672388e+00
9.319205151058641556e-01
1.422603082296954424e+00
1.011190638139574327e+00
1.314920093755333808e+00
1.333866748943679070e+00
7.432152309962215542e-01
1.111178118494777323e+00
1.086658913330956766e+00
1.294547863211799932e+00
2.127646614737764175e+00
8.816102267163170580e-01
1.172220599642947114e+00
1.048158916057172929e+00
1.396137608569550270e+00
1.145950961058357809e+00
9.447859431259686414e-01
8.956265825456264373e-01
9.005365318402248631e-01
6.975834358832514459e-01
7.457191654042346629e-01
9.878433864649077689e-01
1.085367727909390512e+00
1.574459432969491868e+00
9.021266069713519409e-01
9.009172915262784187e-01
8.221186833066729260e-01
1.156744914056398343e+00
1.213231953660720341e+00
1.055705220682353840e+00
1.170436660198079348e+00
1.087952081031280605e+00
1.311115652252397457e+00
9.978313492304996535e-01
1.220169461895486807e+00
1.566609653541095826e+00
1.192592008294758088e+00
1.221252138272379995e+00
8.915554732477773969e-01
1.068914748678581494e+00
1.276571993371962144e+00
1.177861891151087415e+00
1.404922144975225384e+00
9.336713689245970116e-01
1.121367558807852882e+00
1.443023524083518971e+00
1.457858252259591092e+00
1.356409807798637956e+00
2.004444651483467066e+00
1.666573411166792251e+00
1.233707261445718073e+00
7.393384583439163160e-01
1.480581990367959344e+00
1.804298001926803119e+00
1.396969918334842964e+00
1.046756946966486801e+00
1.130211778954698376e+00
1.221826137827382697e+00
