9.305570345313534109e-01
6.294154327104377611e-01
8.258828802206450437e-01
6.896687786728359360e-01
4.913926602013913292e-01
6.678277047215853690e-01
4.810454939343516423e-01
7.576672658095576773e-01
8.605281388586559776e-01
7.230029422389844251e-01
1.212025192448254796e+00
1.367524698405899075e+00
1.199288205498119542e+00
1.090856441246434327e+00
1.101311411736915602e+00
7.152808906334415795e-01
7.166870098534244837e-01
9.353870354983799817e-01
8.052795593752423153e-01
8.309826707998685391e-01
1.022569657155112832e+00
7.013271049055026518e-01
1.122392106230850617e+00
7.597536363070926946e-01
7.735382747246555279e-01
7.387081553740151296e-01
8.314582470082159116e-01
7.403421755980746921e-01
8.024375192351939079e-01
1.407897005208358143e+00
1.320705944990182124e+00
1.193955237044581175e+00
9.578381552930083087e-01
1.417507844290905483e+00
1.303575616190454367e+00
1.131233134528922157e+00
1.273218933937997788e+00
1.167362879492481298e+00
1.199337926296662138e+00
7.901964596508597172e-01
1.135137979039134049e+00
1.405429721412608579e+00
8.760069507002752331e-01
1.763196894480556276e+00
1.526480201456881236e+00
1.299554168040678803e+00
1.102487575108441087e+00
1.409233235585237720e+00
1.208252491482431745e+00
1.132675134934128414e+00
1.410447521423499717e+00
1.070635688701601973e+00
1.056383286340677019e+00
8.636544535632276753e-01
8.326807629950679912e-01
7.471488508511895388e-01
7.388261494668413309e-01
9.976254972836082757e-01
8.100856018269335657e-01
8.870556945430521090e-01
1.091209106114948701e+00
1.058868580724115160e+00
8.090853747360463588e-01
1.246004134796115714e+00
9.324973595972307905e-01
1.142538550475288295e+00
7.551274270562363666e-01
8.109524230414349999e-01
1.056194331860953906e+00
1.268036558102181077e+00
9.420035405789817240e-01
9.582030448841333259e-01
1.454543853733982539e+00
1.119862051663923053e+00
8.613828929899900455e-01
8.845528332231498148e-01
1.062691182316010563e+00
1.038703794639979083e+00
9.089831853339327417e-01
8.968331188546387889e-01
1.136432085760785915e+00
1.198350586275802376e+00
1.176327197000360147e+00
1.352698592398973387e+00
8.473541421006071106e-01
8.077679959853416580e-01
1.135893259301189451e+00
1.163200817511506724e+00
1.255407831759830728e+00
1.105880829172166901e+00
1.004139269255772904e+00
1.230682827262578272e+00
1.185789057295638660e+00
1.401493479492618599e+00
9.726044506985568328e-01
1.272671871690543188e+00
9.360132103195245579e-01
8.667926862135273414e-01
8.492307647843260199e-01
7.555711144511697563e-01
