1.409792998806533637e+00
1.586939984552869110e+00
1.411389101318475170e+00
1.384685517803318833e+00
1.314559734627829046e+00
1.325749228657419732e+00
1.295539689860537580e+00
1.261678064221277928e+00
1.252301462642039009e+00
1.303164608745758457e+00
1.390427366909133822e+00
1.337520786502015335e+00
1.435534858425981941e+00
1.387766777951933372e+00
1.492810728323155089e+00
1.278953009299536259e+00
1.592607274515518201e+00
1.479543407755893325e+00
1.520456628303416213e+00
1.475099741140119880e+00
1.343480222590115902e+00
1.339441952697274729e+00
1.326920225320867175e+00
1.257224351900243065e+00
1.330574246107335989e+00
1.365069393984888801e+00
1.406897694389031006e+00
1.366313654764370611e+00
1.329485114525176481e+00
1.532390986349136064e+00
1.440967261182226178e+00
1.436816820511797710e+00
1.419310534811615065e+00
1.493387753051189204e+00
1.475332246606016140e+00
1.516958307115688687e+00
1.546388391304823751e+00
1.571578690562423164e+00
1.463265357787113974e+00
1.627038506640604787e+00
1.417714365774965568e+00
1.430426557001328591e+00
1.436592510538350576e+00
1.525743007040368138e+00
1.538939189980166766e+00
1.464517546335845299e+00
1.458743276803800670e+00
1.451132880487602472e+00
1.575969425533153778e+00
1.531583166521191419e+00
1.533823502911162207e+00
1.382591839883487550e+00
1.441559394130828453e+00
1.365999723681337041e+00
1.483431736596593886e+00
1.406795414676019984e+00
1.527878186581998365e+00
1.489376404494028749e+00
1.404036625179911235e+00
1.364194016507931373e+00
1.392343396335542272e+00
1.462616948195275324e+00
1.535692589009050479e+00
1.465968509398203112e+00
1.368620677154962939e+00
1.495073947877698206e+00
1.463931185881269803e+00
1.754326015399048311e+00
1.630198351104003907e+00
1.475707422152326753e+00
1.589968516380882546e+00
1.473923258679052273e+00
1.493408031692303517e+00
1.587652568123112840e+00
1.697123308270599429e+00
1.561714351635746123e+00
1.573149936501319290e+00
1.626397936935960686e+00
1.460232413050479794e+00
1.488358406523468513e+00
1.518388317560354084e+00
1.512195663242025701e+00
1.639760735019864191e+00
1.526720145486221147e+00
1.792371494040020163e+00
1.541002136430009939e+00
1.496028213804868612e+00
1.610887243373992250e+00
1.583608091494769665e+00
1.688885971306383516e+00
1.454613414340276911e+00
1.608701475734908737e+00
1.473896127542440926e+00
1.620707478278812452e+00
1.553641005188567181e+00
1.596259055789365666e+00
1.571262989813897226e+00
1.515270626035466028e+00
1.477583607533718757e+00
1.454765847246334509e+00
