3.540472872310389985e+00
3.516985293483136932e+00
3.511848542651458516e+00
3.583683766813722915e+00
3.544176542492464943e+00
3.565009765038441358e+00
3.474057667534476312e+00
3.419918991667702635e+00
3.498443382137109481e+00
3.551760279825381339e+00
3.519830755684980605e+00
3.731770262350280198e+00
3.545839271535478510e+00
3.502763090743956198e+00
3.553544997462037447e+00
3.607390153009199185e+00
3.484388153444819558e+00
3.564993782441153947e+00
3.394628510530591115e+00
3.747272282866577431e+00
3.690187496218956476e+00
3.633831366062209245e+00
3.540679640767115721e+00
3.693550003004092641e+00
3.496157524351294565e+00
3.393159007698848040e+00
3.574526201855098950e+00
3.429849391500177980e+00
3.504589012793122738e+00
3.596773518855712393e+00
3.451206524187539593e+00
3.638742893163211978e+00
3.479257430179286903e+00
3.550502223476066810e+00
3.551432067171758966e+00
3.442922298843778428e+00
3.423750142663760432e+00
3.379207627872673481e+00
3.660800472091033875e+00
3.592997298885426183e+00
3.571663961117119701e+00
3.665445474814524651e+00
3.509133933812945028e+00
3.731379218075937310e+00
3.634582902995214138e+00
3.588650295885040808e+00
3.660216569330431380e+00
3.530168915966628962e+00
3.391213102055696371e+00
3.668796423194734757e+00
3.524507396662064362e+00
3.632988470510990275e+00
3.734279150263898117e+00
3.411484177265979856e+00
3.526563971248303453e+00
3.586016277695557974e+00
3.771128021613674441e+00
3.567128671494460779e+00
3.509783701356084418e+00
3.624416279816801367e+00
3.874403612364837102e+00
3.648328078479377012e+00
3.421816563717255288e+00
3.436762840039929934e+00
3.567931546474395699e+00
3.526947324035917930e+00
3.772414167179801936e+00
3.619541503327269094e+00
3.570214169300901741e+00
3.543619097312609156e+00
3.666881046623067242e+00
3.916312431641078007e+00
3.795378273134591307e+00
3.771899822164232585e+00
3.678151960701509626e+00
3.609018289499272836e+00
3.719569061009878386e+00
3.577779507836143846e+00
3.544981556791591437e+00
3.496320514057960516e+00
3.609146107476356224e+00
3.617802221513420236e+00
3.438763738683528803e+00
3.725227966920919620e+00
3.600770146629612700e+00
3.802802427694325527e+00
3.691814952683203366e+00
3.999487616414470370e+00
3.488321713459325402e+00
3.492652911939321481e+00
3.612396519002811779e+00
3.644678346812523007e+00
3.661843390527497633e+00
3.663995653836176647e+00
3.749435112532250702e+00
3.600053398052831977e+00
3.448265196716221226e+00
3.623293105544135972e+00
3.693088456558419885e+00
3.671544762880126545e+00
