5.991518394062274044e-01
8.514161042973716897e-01
7.672612740742296156e-01
7.051400642375366123e-01
7.679026810540192649e-01
8.456175942495215425e-01
8.221436646291279127e-01
6.875833083051468009e-01
1.486956516942413042e+00
1.074076916615214428e+00
9.287890248502057577e-01
7.050372450736085428e-01
8.431202462449727264e-01
9.602085821297237089e-01
8.600853741588168067e-01
7.035980398269041647e-01
7.974080644783336780e-01
9.247197306445291698e-01
9.017377015018922526e-01
9.284708557732833656e-01
1.004573722522660750e+00
1.409957333185277717e+00
9.897347382242153158e-01
4.965142541539213084e-01
9.584910288856307581e-01
1.228638184303491698e+00
1.182176161749289633e+00
8.921269093758529278e-01
9.010511010990943648e-01
5.974172449101403659e-01
7.882057394128253458e-01
6.867426155369503737e-01
7.589110496000435191e-01
9.653676527040637723e-01
5.090634345807675265e-01
6.199040289819344185e-01
7.962410258618181080e-01
8.207385279463979000e-01
4.633596311829436543e-01
7.324794237960170484e-01
5.163597928069623144e-01
6.384289737910340268e-01
4.918779419794538921e-01
5.130482433386616137e-01
6.162095887609450040e-01
8.814559393669519904e-01
9.787441190896064569e-01
6.704363760501269587e-01
7.617152644587809052e-01
7.215686482312555494e-01
6.004257514282393959e-01
6.405515690555699804e-01
8.014213727161679790e-01
5.505917773573079099e-01
9.617585869770506335e-01
6.027602999416203922e-01
5.272892800864645846e-01
8.234465987215701110e-01
7.582229206600610283e-01
8.505668466976482600e-01
7.976853309560073546e-01
1.358667716720823204e+00
5.706734234010211182e-01
1.264456962649063376e+00
1.155366430192633187e+00
9.570441784676367858e-01
9.395347783642425954e-01
9.615967276454943091e-01
6.952702319756168814e-01
9.128448221173113275e-01
8.682373044327545974e-01
6.769922338105880399e-01
7.783332235556259526e-01
7.995425028546385704e-01
6.429787839302737451e-01
6.084501104827464424e-01
9.413506395540253147e-01
7.751318358780039386e-01
6.873124484477789453e-01
9.040343323956191446e-01
7.428933989469621579e-01
8.941142312594994035e-01
7.197259519487634316e-01
8.755499459163068598e-01
9.159222440674628096e-01
9.971922531425039260e-01
7.800965492857447892e-01
1.127162593572898830e+00
6.679490697280641154e-01
1.308266916680899117e+00
8.330064407334795140e-01
7.952375011449912545e-01
7.218217602524272802e-01
8.884503301143216181e-01
7.737442196918609127e-01
8.556288192130997450e-01
1.205848757261485993e+00
1.062099549777520080e+00
8.127227844330635609e-01
7.629027214572654536e-01
