1.528189149520668755e+00
1.492621242910386448e+00
1.535339457603944524e+00
1.584646025177308237e+00
1.432711970291127956e+00
1.449347986180449466e+00
1.512578178430403764e+00
1.469325589840923207e+00
1.463753805438902988e+00
1.471062929755114101e+00
1.576674622276910798e+00
1.689226142873638148e+00
1.501987526608244083e+00
1.484704948187175466e+00
1.517899850593442901e+00
1.440278826566112169e+00
1.570612528066131830e+00
1.594269588462285947e+00
1.577515878824449436e+00
1.566030343721492635e+00
1.418164027389030357e+00
1.583937731317535569e+00
1.619360878499159995e+00
1.670702871833893877e+00
1.679992487059741135e+00
1.602988405784802284e+00
1.676445702353861700e+00
1.605613341726441101e+00
1.557055257590530539e+00
1.573067847071573322e+00
1.531137274227049483e+00
1.534499456926404104e+00
1.518267497339284011e+00
1.566724059356997101e+00
1.574348682584941095e+00
1.413168774326635013e+00
1.596145643859959717e+00
1.611857236011038585e+00
1.494239653660720535e+00
1.620384571135713214e+00
1.555497174902830126e+00
1.584028499595827144e+00
1.510785699811186822e+00
1.515567913166890657e+00
1.565011702912904923e+00
1.485099448537074984e+00
1.488728219716669576e+00
1.566061210235635048e+00
1.473582119744712093e+00
1.582563974069286283e+00
1.416063466194078302e+00
1.532747957089236168e+00
1.451705100587591835e+00
1.333890792894314670e+00
1.429037798271408199e+00
1.562516104321590049e+00
1.587034569381260196e+00
1.669058391864989943e+00
1.533771683092622684e+00
1.468947050207231042e+00
1.477048368344795470e+00
1.545912751213185388e+00
1.539805121020735967e+00
1.458733866252281075e+00
1.348603127800138024e+00
1.474225677500759835e+00
1.455117366662481482e+00
1.490174709704905842e+00
1.473677526109500313e+00
1.642483454908023610e+00
1.616063956359238052e+00
1.598994664720294390e+00
1.633130311113168531e+00
1.480772443727646159e+00
1.495234994002729856e+00
1.568559104750364419e+00
1.717644338769824808e+00
1.738241958332372494e+00
1.780672956043070077e+00
2.018118524639550770e+00
1.797694022857835305e+00
1.622165444296647552e+00
1.601619765526204997e+00
1.514726354041258327e+00
1.680168871824915033e+00
1.790234403969178434e+00
1.670237778332412049e+00
1.528187364566557349e+00
1.638724582776513561e+00
1.573112836760818922e+00
1.757686338825272143e+00
1.548882875953323524e+00
1.650840350246834065e+00
1.756018147271964036e+00
1.840158902208940850e+00
1.813616818046613233e+00
1.731844780064721867e+00
1.660471578793672576e+00
1.649504440606649247e+00
1.720678546045620205e+00
