1.559678981330852920e+00
1.739443720111081060e+00
1.559491918237595698e+00
1.600723272719601242e+00
1.615276111929456970e+00
1.657537339608347704e+00
1.523561157617680850e+00
1.641183776632287206e+00
1.644750672189537299e+00
1.594457522212070044e+00
1.525038099797460855e+00
1.588519465363654737e+00
1.539631905669406997e+00
1.542679077047187208e+00
1.725822625635417884e+00
1.562884878773371344e+00
1.511038766793544541e+00
1.698061174136187734e+00
1.548979805640143370e+00
1.572935587958134374e+00
1.608798565150003856e+00
1.542615398949344740e+00
1.578912639256136785e+00
1.572954446300948161e+00
1.534855623249167467e+00
1.574437896447388630e+00
1.514131958775901010e+00
1.501220698165406153e+00
1.422995173032162386e+00
1.430047648985633080e+00
1.421603499759040989e+00
1.468394011587100145e+00
1.545342086083150157e+00
1.577502989367302266e+00
1.617986604448005128e+00
1.630374996940360921e+00
1.651692051212523715e+00
1.591708164387259483e+00
1.759174108774265388e+00
1.656738250180340488e+00
1.622911603124091773e+00
1.607442217282436303e+00
1.644823599863182162e+00
1.572575027551569082e+00
1.678951003346626392e+00
1.630164790430391308e+00
1.583927792750235319e+00
1.836711739909178798e+00
1.823087344821262556e+00
1.724441526444879580e+00
1.607984221040703821e+00
1.539089705688674536e+00
1.542533859203612190e+00
1.776432278459244118e+00
1.635719834222256308e+00
1.563105514009796693e+00
1.680499072036307107e+00
1.656001640114218132e+00
1.619768273357696353e+00
1.689889796830920998e+00
1.645926572942347343e+00
1.666746865499933339e+00
1.650787146770696934e+00
1.696387503387680740e+00
1.658395455221740145e+00
1.715935168351861106e+00
1.665790501366281262e+00
1.654884946368875731e+00
1.638624943611086460e+00
1.662638239493493097e+00
1.556357974933749722e+00
1.474782828257567902e+00
1.568490452538587654e+00
1.660494278925072953e+00
1.645796755729269423e+00
1.619030069208938771e+00
1.716803369245105682e+00
1.779543574018326080e+00
1.815892350532102073e+00
1.794486090512879439e+00
1.772682490574134739e+00
1.673349077791628448e+00
1.664938902022590206e+00
1.815417354632002711e+00
1.784692442018650294e+00
1.631794000199516148e+00
1.627888593641892978e+00
1.723905252334626770e+00
1.679538578042396813e+00
1.599117974456467417e+00
1.750606988659439534e+00
1.657588570122740412e+00
1.670335276522439072e+00
1.675077721687804777e+00
1.729624368174091043e+00
1.736683136395816840e+00
1.625407679109411641e+00
1.721729594215750447e+00
1.622168444834416468e+00
1.589976062307043359e+00
