1.203875261292799648e+00
1.773311440872187505e+00
1.287710733579155553e+00
1.396936980759835079e+00
1.147448690751173839e+00
1.298775288760166458e+00
1.061682335692858858e+00
1.068016721563203042e+00
1.056381811655161540e+00
9.958321441248269013e-01
1.074070174105249187e+00
1.316022676333916230e+00
1.083500725360009076e+00
1.254198965080862038e+00
1.159146633458639108e+00
1.268002770545908486e+00
8.784967362433753202e-01
1.161553201178816996e+00
1.318897259751149686e+00
1.042931445561525283e+00
1.050055711482917875e+00
9.388091083652837510e-01
1.491428520665157187e+00
1.120553319141589510e+00
8.837603930382198492e-01
9.620949927237590904e-01
1.444916489589681552e+00
1.343712758521404371e+00
9.311182412312908330e-01
9.031248673539853389e-01
1.091657029054419636e+00
1.148046136092647496e+00
9.847672933515942972e-01
1.246432142101422835e+00
1.661233724429413972e+00
1.171775494105736559e+00
9.443932767296030484e-01
1.177769526105095554e+00
1.447777025433402143e+00
1.296305499745249223e+00
1.099592083297654010e+00
1.203856303384503779e+00
1.353881730428948105e+00
1.063500838785356395e+00
1.072222383971401793e+00
1.313518990223509153e+00
1.135138349245258915e+00
1.410804631991307234e+00
1.307212887166426363e+00
1.584097148802882993e+00
1.386487055184977057e+00
1.097839978816766093e+00
1.190554559969141835e+00
1.752600096318223333e+00
1.472480134448770350e+00
1.789773151812712459e+00
1.669215239262497708e+00
1.748334059139447838e+00
1.212513345799171693e+00
1.565777690136911371e+00
1.602036422431851959e+00
1.321196664532248377e+00
1.345365201132427302e+00
1.323127761319736750e+00
1.535391919810884520e+00
1.325097858463101463e+00
1.553295271143655398e+00
1.542685735967402438e+00
1.217985799078813436e+00
1.093820840828683805e+00
1.404538369726230584e+00
8.715862278183652556e-01
1.257663364323436950e+00
1.353038186737228088e+00
1.314175071596948463e+00
9.869919490672532936e-01
1.255211926878843087e+00
1.162116563351069498e+00
1.161265462337802479e+00
1.344932498374342700e+00
9.898879546659929973e-01
1.607863065340728426e+00
1.402811600401844050e+00
1.114151837639913323e+00
1.068257045841265684e+00
1.397143717139894159e+00
7.314169741771066047e-01
1.003618400301480307e+00
5.853413603510295715e-01
8.165151882536432204e-01
8.173474980449865201e-01
9.731710409537158712e-01
9.300249305633228047e-01
8.063960516536855527e-01
1.115078396816578721e+00
1.556020353505576992e+00
1.234686432257702249e+00
9.030091099284046630e-01
9.809170744477031523e-01
9.943640198539122066e-01
