1.550933688225985652e+00
1.646184812706754874e+00
1.578644283757899336e+00
1.606287332305254223e+00
1.764561410827476973e+00
1.525145639033244516e+00
1.605745916629484960e+00
1.582548286385064173e+00
1.680936595713263593e+00
1.783663128552373411e+00
1.694414576125552463e+00
1.700194469278188292e+00
1.695480673215001177e+00
1.655886134676719079e+00
1.629537779784593798e+00
1.657291465192521907e+00
1.713430626268987345e+00
1.953315060674060355e+00
1.759544306195021779e+00
1.716464252208344421e+00
1.780093629624147411e+00
1.843908996691262292e+00
1.720686685329975374e+00
1.990776392060522149e+00
1.833053614014284349e+00
1.891312016910412730e+00
2.107196428182533943e+00
1.924952672043509505e+00
1.889188247692310085e+00
1.880613152806517085e+00
1.860308864116539063e+00
1.971306870889005358e+00
1.832758614252866680e+00
2.056283332577199197e+00
1.973438130563059056e+00
2.074636327326820684e+00
1.905695820397500961e+00
1.943201723321541952e+00
1.936503634790536443e+00
1.912244663209757167e+00
2.018630644204431945e+00
2.041083022581378525e+00
2.130761805672117593e+00
1.881329366809821657e+00
1.840859954649464614e+00
1.923546041871074364e+00
1.732179871855765274e+00
1.999217584334922249e+00
1.894616065157775475e+00
1.930608732426138285e+00
1.873111284120507758e+00
1.913381599220756790e+00
1.941754020622186605e+00
2.175688248836159744e+00
2.031039914819392500e+00
1.829806415084933136e+00
1.990984967978762343e+00
1.941313624746121125e+00
2.220059330010546450e+00
2.033789595869170075e+00
1.896758650625893328e+00
1.962032334227233887e+00
2.085187448954561873e+00
2.112145061022719705e+00
1.974990757372329320e+00
1.947207946037777360e+00
1.779668535036492694e+00
2.158607754878300700e+00
1.968581894398454768e+00
1.772004335170311640e+00
1.884475176844907063e+00
1.849935069018551426e+00
1.904138000050754398e+00
1.907688905588292627e+00
2.026401696743876268e+00
1.990265727655931682e+00
2.224269989986495055e+00
1.990423466191604041e+00
1.925518482737706094e+00
2.044203106364836486e+00
2.066491751845205282e+00
2.154650824255634589e+00
2.199088460319002181e+00
2.011374350758904139e+00
2.042256080847586031e+00
1.947390110258241602e+00
2.007246104380386864e+00
1.999718723890326233e+00
1.921131928855270621e+00
2.027266531119723769e+00
1.857322521749385835e+00
1.966343194233785896e+00
1.899140656333869082e+00
2.018446416093412576e+00
2.085626949647774619e+00
2.031383446165274886e+00
1.900899668923820895e+00
1.880532592757735877e+00
1.761457408378059419e+00
1.818421020952464273e+00
