6.196476990372035143e-01
6.882903241902683655e-01
7.078675216694936267e-01
3.824803290851531701e-01
6.099707359889232627e-01
1.042927089781946481e+00
6.272480901581328760e-01
7.798606707412902850e-01
7.497445792596583169e-01
5.396502137658280018e-01
5.988941766247484200e-01
5.958974906043675857e-01
6.648115290874750949e-01
5.774839225715878710e-01
7.128627113041859920e-01
5.137063878143119933e-01
8.728603288347005495e-01
9.579682318910287542e-01
8.630425891867606891e-01
1.296535553074206870e+00
9.996925245359805645e-01
6.823351979848177873e-01
8.387802537276936032e-01
6.413251478601463829e-01
7.438341970778581391e-01
9.529270616230410829e-01
9.328026339900945541e-01
7.995515333673206548e-01
9.076867606313223646e-01
1.009880278687193877e+00
6.241203834760212787e-01
1.034380032865970467e+00
7.408430030292879609e-01
1.038057049420607836e+00
5.908877664273672892e-01
1.061051838203542319e+00
5.935629694143991220e-01
8.176837834698676977e-01
7.946056855747883896e-01
9.809578811912195162e-01
1.086913713853978614e+00
6.935494108829552973e-01
1.085304854454499202e+00
7.895980781178630892e-01
9.440375294424627750e-01
6.672199625839743131e-01
9.145829712586258653e-01
8.988029349168999982e-01
7.086707726813192831e-01
1.001108138568730599e+00
6.405703511390344884e-01
1.001285083535428333e+00
9.295868048908260128e-01
8.873644216301317389e-01
8.316179338050012637e-01
8.029444033730966934e-01
8.123289173531974550e-01
9.374961148530881472e-01
1.122025911456173475e+00
8.596256605149558139e-01
1.096791427143434472e+00
8.868141589420425186e-01
8.816194800256753616e-01
7.024060039078402484e-01
6.928642567228135984e-01
6.006905002513686087e-01
5.373339089436438565e-01
1.176283089427239581e+00
9.603687407920169505e-01
6.680738982926108793e-01
6.225410158482416190e-01
8.252737995611897359e-01
7.840996190573167324e-01
8.920974632039512242e-01
9.063382621055126043e-01
3.063834226123987592e-01
7.811101636095290068e-01
7.621276374678435106e-01
6.261093370894297294e-01
9.482445034796382899e-01
7.681532607091483555e-01
6.361848698809420277e-01
6.190313533477175278e-01
1.008170753597392055e+00
5.553592186271557596e-01
9.983828658965647751e-01
1.155435535848263084e+00
1.461536209178668333e+00
8.106811088153695888e-01
8.043324433249174898e-01
8.536852606102415253e-01
5.811740145281698577e-01
1.327270557957869190e+00
7.090705841425650746e-01
4.389043397489494902e-01
5.729228832485154799e-01
1.266839460610634793e+00
1.206461131657670549e+00
1.012613317094958498e+00
6.403148046180562325e-01
