1.617101399612072443e+00
1.601975018517550975e+00
1.438476628931544710e+00
1.518162166506131339e+00
1.549278306089498791e+00
1.621615601280892660e+00
1.520798643422294205e+00
1.466045391721725322e+00
1.510896637009403243e+00
1.574747791506531991e+00
1.638384352740614114e+00
1.544074735805373022e+00
1.502545916949362681e+00
1.496876909502794950e+00
1.436901390398972467e+00
1.484740256302008010e+00
1.466900813522882929e+00
1.607819198835799046e+00
1.538991671469075895e+00
1.612720768430702556e+00
1.637205185605333346e+00
1.734013344779603338e+00
1.545762117633477484e+00
1.478954595821414530e+00
1.501692097182871777e+00
1.571732397921606239e+00
1.437025290944180300e+00
1.532795019566752348e+00
1.506165196893599623e+00
1.581727680825290694e+00
1.573531752621287749e+00
1.632136160796477498e+00
1.571049416275145605e+00
1.612899717441566017e+00
1.525653438578229215e+00
1.453675089788897035e+00
1.568676229521525967e+00
1.668972440149728120e+00
1.569623681447076313e+00
1.471931696398860900e+00
1.446286313099287346e+00
1.522295760546463095e+00
1.468589322285792642e+00
1.587113708000920775e+00
1.518846270529399467e+00
1.606533936460779577e+00
1.463596724572344909e+00
1.508297951336892373e+00
1.526974883774002034e+00
1.498478771700346934e+00
1.504493596521401910e+00
1.666880614333967170e+00
1.553555314389079234e+00
1.638159546578843884e+00
1.678695870111745592e+00
1.550397858598836498e+00
1.611558312998337072e+00
1.596824139865762993e+00
1.734459863357172393e+00
1.574244711667994290e+00
1.571532341767592378e+00
1.631857007164672080e+00
1.665005764938020105e+00
1.619508995653857752e+00
1.633908893266841078e+00
1.582906917112078871e+00
1.610437786382364234e+00
1.588234670066422272e+00
1.772046878281572813e+00
1.800314761485648285e+00
1.778696314268563672e+00
1.810896510299360829e+00
1.797156231578806329e+00
1.754682975848192772e+00
1.712742582287655857e+00
1.660493831326338654e+00
1.689889708779980015e+00
1.765980735697974424e+00
1.721733743614126899e+00
1.764171582610135625e+00
1.748759225827499542e+00
1.590150966182729553e+00
1.581161297946070743e+00
1.684891889390430109e+00
1.587260427571528076e+00
1.568226359627078459e+00
1.557779303965145079e+00
1.531575805197499696e+00
1.573494723708586784e+00
1.709937477680231632e+00
1.593726584310708239e+00
1.641078261665331661e+00
1.833508582225924943e+00
1.631130094604763325e+00
1.552269005034977001e+00
1.622496180031093971e+00
1.645892519147790667e+00
1.762837502623951558e+00
1.669776596117217071e+00
1.731276246363652849e+00
