3.665136974919731117e+00
3.523640201060441957e+00
3.711093970197100855e+00
3.639654699014920780e+00
3.639342053125841581e+00
3.702060860262452291e+00
3.576096776475500061e+00
3.826164736587893245e+00
3.556615037415019831e+00
3.479677868547945696e+00
3.979363116172509596e+00
3.902188388642512606e+00
3.775467479202280874e+00
3.717235244468652500e+00
3.422709914126691899e+00
3.546804128517982768e+00
3.596966676076372771e+00
3.564848301258551011e+00
3.828716248438554182e+00
3.728383869493395952e+00
3.652978832656415875e+00
3.651035312786226061e+00
3.570266372739780092e+00
3.758493171579948111e+00
3.848708412220774200e+00
3.582969843547648026e+00
3.724150272235467352e+00
3.633934698271541919e+00
3.824482387511441317e+00
3.579834906954212581e+00
3.594364469756276215e+00
3.945099768863478573e+00
3.786186987234501089e+00
3.770961110128409288e+00
3.825071476328392617e+00
3.685586791553670860e+00
3.935412293762398761e+00
3.639314395117386081e+00
3.641165414567510972e+00
3.544929779516365009e+00
3.945743905079018621e+00
3.532264522681280550e+00
3.658569063621763817e+00
3.473896488592408627e+00
3.623382431506791956e+00
3.795420426272451131e+00
3.546043895614415575e+00
3.831392915509414188e+00
3.836784516547691926e+00
3.661579288570882884e+00
3.613433573597965243e+00
3.770772900455446663e+00
3.788301367815360976e+00
3.695640465227814975e+00
3.558414987493894177e+00
3.691816788060157783e+00
3.498266734562377689e+00
3.794569374638084192e+00
3.669362726482165549e+00
3.445004742635893180e+00
3.522426089898394341e+00
3.773265136794180741e+00
3.646064315552825175e+00
3.584649160515263056e+00
3.862471649413554253e+00
3.468103799898671014e+00
3.664716156536544922e+00
3.647165397609552162e+00
3.634225241587529798e+00
3.772691271362448528e+00
3.344714846251695128e+00
3.729346677298529755e+00
3.714875710775183748e+00
3.694179192604670980e+00
3.781789956228850613e+00
3.510454343963093748e+00
3.566707867277529420e+00
3.606407364409300875e+00
3.529611310728786755e+00
3.685753403151744045e+00
4.043957176905615292e+00
3.585913113746781899e+00
3.673435683795428286e+00
3.588707555807920002e+00
3.748791485531950407e+00
3.513093438464334639e+00
3.624613736589739954e+00
3.603555033231330640e+00
3.756655265732975923e+00
3.782367221435192217e+00
3.810325127322537586e+00
3.475806225030567909e+00
3.676031023228446770e+00
3.676893519137089061e+00
3.710733238452422089e+00
3.829091551548304384e+00
3.581615615066439773e+00
3.489553518156019329e+00
3.563933646588119508e+00
3.563126995924643658e+00
