3.670144958541706082e+00
3.558113438349133961e+00
3.908669865163235002e+00
3.542006255452610830e+00
3.574520042121037910e+00
3.608108607258096789e+00
3.690859066215408824e+00
3.580940927772103155e+00
3.776253928499010204e+00
3.641023857975858036e+00
3.602887671461329600e+00
3.595101078500114955e+00
3.601570060323773248e+00
3.628694067119456079e+00
3.697753230971832394e+00
3.549723162226911644e+00
3.561519431601257502e+00
3.904955459359499947e+00
3.662381626603393059e+00
3.795973093788220343e+00
3.815610910184702220e+00
3.639370038929689688e+00
3.575758630256102411e+00
3.620858249488176472e+00
3.579600463114048559e+00
3.414477396450995350e+00
3.631873826896419466e+00
3.766497532008238558e+00
3.512747035017023123e+00
3.504389034015373827e+00
3.625952271804214089e+00
3.760683105381358526e+00
3.716862597534913437e+00
3.460985989630290138e+00
3.487494385092907212e+00
3.831897248251577182e+00
3.380534960220363150e+00
3.797897743551999827e+00
3.595072948520979139e+00
3.519024556145683658e+00
3.480002868245277714e+00
3.575689874560525894e+00
3.618757948269065050e+00
3.469805778379375205e+00
3.538273998603982395e+00
3.743840404798140842e+00
3.537101020939221296e+00
3.658623769757294752e+00
3.503107200749967287e+00
3.812473894355346893e+00
3.446664109822672017e+00
3.589718174983040910e+00
3.943226960342533616e+00
3.530511481497841775e+00
3.672217715463477639e+00
3.736531057208638096e+00
3.526827509165753938e+00
3.620877959029128679e+00
3.380923997991765351e+00
3.429010242703029121e+00
3.726077398488709225e+00
3.673159341525894739e+00
3.839819378902992852e+00
3.591889875561439904e+00
3.629533610518818065e+00
3.586272673786792264e+00
3.534559838600438653e+00
3.649132791352563299e+00
3.621200107656190159e+00
3.627863021510982389e+00
3.675758103741443961e+00
3.827563835542411752e+00
3.594647464415138938e+00
3.492973966816608655e+00
3.723638243233128087e+00
3.772727287081313996e+00
3.609064607411960335e+00
3.697554029892514027e+00
3.741392949364501064e+00
3.660561978581814202e+00
3.590927954127973720e+00
3.722611962520452789e+00
3.901766166365491451e+00
3.512120550999045410e+00
3.586649729632553019e+00
3.828996141552620358e+00
3.570524999628107210e+00
3.644079644056917200e+00
3.675511648165094680e+00
3.744862748846504719e+00
3.640998922836037099e+00
3.658768375463492539e+00
3.602912901748081431e+00
3.497584548429388374e+00
3.525548931079833803e+00
3.492404471699830815e+00
3.467949657663481844e+00
3.700914001243649221e+00
3.473340957630075110e+00
3.821491175317302869e+00
