1.310888763940167401e+00
1.360758103210856662e+00
1.400166972984367098e+00
1.275529931500507086e+00
1.485684397135335066e+00
1.530529551654604692e+00
1.580816999300638237e+00
1.490744874041611823e+00
1.458622759962487470e+00
1.494733817285814448e+00
1.406210608477568957e+00
1.382916968009029857e+00
1.505505361907928608e+00
1.502944829821192041e+00
1.490555926852689783e+00
1.585864094992440965e+00
1.700231641022593720e+00
1.487029790793910733e+00
1.631253896496496214e+00
1.643888849397846963e+00
1.570398443035157410e+00
1.657652556885010009e+00
1.621495939410150910e+00
1.724311477923902158e+00
1.651982180202029360e+00
1.442276966580758213e+00
1.549568143168776002e+00
1.541559061023591859e+00
1.625752526433325240e+00
1.522901178556479662e+00
1.481365031428138579e+00
1.560812053638104935e+00
1.804998977768488277e+00
1.777766361865181777e+00
1.762839374140973581e+00
1.697470506394235246e+00
1.688350402193711908e+00
1.708847010424048518e+00
1.676618902586234139e+00
1.763163793294877157e+00
1.665859887750659185e+00
1.671820983285664086e+00
1.778506954380601801e+00
1.739740589086077316e+00
1.711270817763679508e+00
1.762724130617479901e+00
1.746414485098551239e+00
1.769076789373746461e+00
1.645258658277071184e+00
1.725107824562177816e+00
1.729425197965756222e+00
1.870328945012024624e+00
1.840956559800723591e+00
1.778132957936928049e+00
1.553681098487885048e+00
1.565810312763259438e+00
1.611259131686151536e+00
1.655435675871771872e+00
1.721646364100681392e+00
1.581370290480649698e+00
1.671211408353140193e+00
1.698912543119009966e+00
1.719133758643089482e+00
1.758531831577870186e+00
1.742825078385544346e+00
1.659170183473629212e+00
1.592276596093290530e+00
1.577989263065197711e+00
1.681528087020405904e+00
1.572796029577202104e+00
1.525399176367609133e+00
1.683525755618761499e+00
1.602399961198963885e+00
1.663232911366480993e+00
1.619574756591501075e+00
1.706584404672049970e+00
1.803622832621406769e+00
1.786092931887452773e+00
1.759819219880266239e+00
1.757834630783911001e+00
1.800151201193753492e+00
1.889425579482630013e+00
1.876313259040633730e+00
1.799421116763135098e+00
1.784370315310304766e+00
1.855073464556340923e+00
1.864530153492135911e+00
1.845019383805449609e+00
1.860795546696179192e+00
1.815400602505699901e+00
1.866307623960888895e+00
1.821433550378453337e+00
1.837324514688848831e+00
1.838197957682885963e+00
1.937129147870740420e+00
1.862900554265646269e+00
1.860701544152341569e+00
1.957256092567783101e+00
1.868248326035827800e+00
1.897991788264557833e+00
