5.812331248732830469e-01
6.375809311357341080e-01
8.759604765095859724e-01
6.067478560807615384e-01
7.962038446420421911e-01
1.042378423838001833e+00
1.070653750342483335e+00
1.013090935061646825e+00
1.127668528498724898e+00
1.367262745618136766e+00
7.913603820004943001e-01
7.852047644762095713e-01
1.006614744677815754e+00
9.753691501380401530e-01
4.819136528448365042e-01
7.809613509631445627e-01
9.450406690091438522e-01
8.303233135065443138e-01
1.128061018135614324e+00
1.149677758663331995e+00
1.329585004989563668e+00
9.327772369388802609e-01
8.611400247393711238e-01
6.717672066157850397e-01
8.908980544129049273e-01
8.940295824117002743e-01
9.254311871693267078e-01
6.377041249881467699e-01
7.611895800338897011e-01
4.914232619410132119e-01
6.928409597023135191e-01
9.972292617193453390e-01
1.281720932007980762e+00
1.515830415354735061e+00
8.660442374077395034e-01
1.099872411381584980e+00
1.102705009326530705e+00
1.181202620479890886e+00
7.847585976906282790e-01
8.999643194046356154e-01
1.205791631193553037e+00
1.078380580555161838e+00
8.015175252555127861e-01
8.104050218029599240e-01
8.603109267459309040e-01
8.527051690399086725e-01
1.134749984147208623e+00
1.448908020424652943e+00
8.994977720402421717e-01
1.159332905684726800e+00
8.689656979466688913e-01
1.577752417971894916e+00
9.639038405639115403e-01
1.104430076595050547e+00
1.052406532847192766e+00
1.023595361230946521e+00
8.320122743832238932e-01
1.181034343380189089e+00
1.168327229760441233e+00
6.548101713491023546e-01
9.049940247677735750e-01
1.444048594812336717e+00
1.099769037244129333e+00
1.057953324495901626e+00
8.340148329379938330e-01
5.698298022938739216e-01
5.860290512492817294e-01
6.496403902148386589e-01
6.643925491985738230e-01
9.017329609939094270e-01
8.238232736072239604e-01
1.214460130859670972e+00
5.631152533264067728e-01
1.172922964259307754e+00
1.027479839327841704e+00
1.126622336952260994e+00
1.239666870932098597e+00
1.018348530850586409e+00
1.081523419929659280e+00
7.875623362563491936e-01
8.479434141806351244e-01
1.300965120841869549e+00
1.055970907361265088e+00
9.250565069657107342e-01
1.256537398872924260e+00
9.209031210432621073e-01
1.002411553502987163e+00
1.070814579642428432e+00
1.008366538979326821e+00
8.565788400271777681e-01
1.241139957189609566e+00
7.998868883741294677e-01
6.460359043885813835e-01
9.118298186103863667e-01
8.058233872824636101e-01
9.745161784304078312e-01
8.629444153808744078e-01
9.420861303789349606e-01
1.309778893097502728e+00
1.169393370557967771e+00
