8.511967393834054540e-01
1.172316739460189883e+00
7.033154363558409283e-01
8.437626596786925726e-01
7.672226402595146988e-01
7.821719004686816801e-01
6.472837103016066962e-01
8.351714063959191359e-01
5.369658317368719569e-01
4.940319308672558307e-01
8.892896165506964934e-01
1.030882568081971762e+00
9.801564545367060788e-01
1.574844325904538600e+00
8.113065293677523826e-01
7.571915600217202780e-01
8.167632467038452582e-01
8.731204055218115823e-01
8.922419668669886450e-01
1.892942936345046734e+00
9.137073700544255939e-01
8.477629538703406187e-01
6.562346898769638726e-01
1.408200495281554110e+00
1.071248694906810073e+00
9.124452352847070014e-01
7.752158961410313687e-01
7.669330950308812511e-01
5.144946413012527753e-01
7.833156362063934397e-01
7.493555126114419540e-01
8.653642047921984437e-01
7.447218756733280376e-01
7.772654074191007734e-01
5.460873904806079482e-01
1.476019736249863268e+00
1.640364182662714665e+00
1.070903852850266569e+00
5.199117503181914790e-01
1.766520566002524717e+00
1.336330299479750572e+00
7.461284377509312948e-01
1.225431580074602733e+00
5.847722696883304039e-01
1.070992592227086870e+00
9.203606491913443044e-01
1.019769027587886789e+00
7.096965870049891656e-01
7.964961188754753341e-01
7.636925910783004534e-01
4.125745118905057018e-01
8.391270615007524469e-01
9.587702861187694658e-01
1.071141199313498049e+00
6.554168963346238552e-01
4.868420605339136009e-01
1.168460858397334823e+00
1.504680199844462996e+00
7.448114624647604876e-01
7.361005061574736885e-01
9.699475990855561669e-01
5.315498065272411532e-01
6.907742315208307282e-01
9.490543047875436011e-01
8.947868996140404541e-01
1.310211263867159914e+00
8.903091997496409560e-01
7.297423411825794126e-01
5.900715963640871253e-01
9.230715805779594607e-01
1.123196056850540803e+00
7.676105841923051010e-01
6.189716853184679124e-01
9.526075478604677516e-01
7.226336675012945410e-01
6.401026169624767226e-01
1.114512474777120010e+00
6.657518881431698787e-01
7.085232340047625810e-01
1.069709996517370865e+00
1.019620948907383085e+00
9.022009095490738373e-01
6.249859560840965722e-01
6.463465147229150443e-01
4.805925160011270125e-01
3.856263438910665919e-01
7.877454059062465319e-01
7.761922847183253538e-01
5.897010951795622624e-01
7.284307488108175965e-01
5.454916344485232216e-01
5.772822095954042165e-01
1.037948202998509206e+00
1.243828689470030113e+00
8.050562263847064193e-01
8.130107515035643884e-01
7.857782852603238943e-01
7.922722375430233388e-01
6.138742763119914292e-01
1.006719236723959243e+00
