3.561368004240959895e+00
3.658678760277054298e+00
3.581737560678024845e+00
3.500472353803948167e+00
3.664450282400349757e+00
3.583185005675426194e+00
3.643208818811057181e+00
3.539221735263704982e+00
3.665542547462359302e+00
3.625873000131962343e+00
3.644971383357907602e+00
3.540414235689813172e+00
3.582182997579334227e+00
3.562225330788140187e+00
3.556130228157017736e+00
3.670032535544778707e+00
3.617465693213356648e+00
3.616691997047516871e+00
3.517999380248955088e+00
3.632405385902374384e+00
3.661349244942354808e+00
3.502260426683241779e+00
3.695032223035198626e+00
3.499661606281030402e+00
3.578520706760499603e+00
3.646833852789407526e+00
3.758563901568214405e+00
3.467152462206998020e+00
3.497879883811981561e+00
3.680429990121647954e+00
3.531565965801147122e+00
3.594240962758100899e+00
3.477500754837001828e+00
3.582750494107103112e+00
3.365392169084255869e+00
3.602655473394695385e+00
3.566333398674368382e+00
3.631633254550363787e+00
3.576442766119235284e+00
3.601966658249731612e+00
3.471619622143851114e+00
3.529048375407427329e+00
3.493911749424484015e+00
3.526286137799321097e+00
3.587606002774971881e+00
3.586742751053361378e+00
3.571674723052998601e+00
3.703122549232183314e+00
3.617398814116524086e+00
3.588939177399704583e+00
3.511011117810679316e+00
3.518326898119207957e+00
3.492956837379951107e+00
3.498254388510069646e+00
3.711574164812022403e+00
3.712613301850229863e+00
3.562408126780793882e+00
3.540861220988102964e+00
3.558067252500106026e+00
3.443494870993272006e+00
3.452193042134879430e+00
3.664524073707151608e+00
3.706716929774778180e+00
3.674392600242278206e+00
3.702451493772057400e+00
3.553958005524312291e+00
3.589899268115200215e+00
3.530821695375754743e+00
3.581470846783544548e+00
3.638272151319124070e+00
3.606963929032507288e+00
3.739307138861708957e+00
3.614584266039130078e+00
3.429904261723125014e+00
3.538992751816732785e+00
3.463002461233547269e+00
3.481360182841119588e+00
3.596458564439719119e+00
3.408757985593158679e+00
3.557125251540950384e+00
3.692306292957627800e+00
3.723377029857344755e+00
3.569021784386631424e+00
3.561431958554213573e+00
3.587881148427434219e+00
3.713732151931105729e+00
3.576804065610927452e+00
3.532206404401271982e+00
3.690558077246468560e+00
3.499457522819557909e+00
3.567306329500061768e+00
3.627967064416035559e+00
3.607492028446241950e+00
3.715957431630219077e+00
3.701768274334523490e+00
3.509133363534054251e+00
3.698291090759312727e+00
3.561503070394599568e+00
3.395768645395486729e+00
3.610333057638814402e+00
