3.772040798000366291e+00
3.688829408866112214e+00
3.618924554582615638e+00
3.735160375393549170e+00
3.536042591237741117e+00
3.481137121438806492e+00
3.666602971536245814e+00
3.764993239367240285e+00
3.757534377366735789e+00
3.504030920609068733e+00
3.765814054428607616e+00
3.543138857804577047e+00
3.731218775074991889e+00
3.615003513289398285e+00
3.643293635197567326e+00
3.645381375156165227e+00
3.487456282660748474e+00
3.406838657502636369e+00
3.593678911352651273e+00
3.480938545026014186e+00
3.527578561565836601e+00
3.682335057157503311e+00
3.815317011169268469e+00
3.923543983021935855e+00
3.448193393101981918e+00
3.505949524970641384e+00
3.504377927601150411e+00
3.648987148603553443e+00
3.715499777924673896e+00
3.552830172874388293e+00
3.754972331934210317e+00
3.589945012659638834e+00
3.687817836146730865e+00
3.431445831791216428e+00
3.759686165312893014e+00
3.451437579585904913e+00
3.596018038816138240e+00
3.605102318170299913e+00
3.531461801920248611e+00
3.524774329073134371e+00
3.545127780680056073e+00
3.501640193157709469e+00
3.471160552604120486e+00
3.547053884204065977e+00
3.654299762101330895e+00
3.692167130319365054e+00
3.658446348634175838e+00
3.683392784363402672e+00
3.516005502849459230e+00
3.531985253994724072e+00
3.577500474808985587e+00
3.539811135569475464e+00
3.577485739067349790e+00
3.602709895690075825e+00
3.505356722327900520e+00
3.522665034393375194e+00
3.511173528117647713e+00
3.572788561422005849e+00
3.439077092056479490e+00
3.541527633012334420e+00
3.752604861851185358e+00
3.561079866191427801e+00
3.689553001690940803e+00
3.291321148777850869e+00
3.514066197653745949e+00
3.749421132509611621e+00
3.553935339558761175e+00
3.564518696676031606e+00
3.494653244965005623e+00
3.598445998411192726e+00
3.771596345364552683e+00
3.552380169726672143e+00
3.592193231861208869e+00
3.517382608608377037e+00
3.682535303755584799e+00
3.586140261411708163e+00
3.683879227958732017e+00
3.713035693649099578e+00
3.378156551095078175e+00
3.746713094550440992e+00
3.480082894373838887e+00
3.501197588276227179e+00
3.436036561143134271e+00
3.540293532608023153e+00
3.516835049827538029e+00
3.493393337687574984e+00
3.481463378751051163e+00
3.517085363616215155e+00
3.409808782987625797e+00
3.759126605877173066e+00
3.783343520297675511e+00
3.557731470530248075e+00
3.561564654934149310e+00
3.605241189023010495e+00
3.461042647246822757e+00
3.541608244773160052e+00
3.485358768116778805e+00
3.636326010727945146e+00
3.517003741726738131e+00
3.519886602873766979e+00
