3.634778851560592994e+00
3.786591977695731526e+00
3.537305182563424744e+00
3.520071739734607075e+00
3.647395974601605140e+00
3.573778203267840237e+00
3.382840773310785920e+00
3.555616483590454902e+00
3.666353993134382261e+00
3.468598158106850349e+00
3.632774440051840692e+00
3.388934896564735677e+00
3.540780147436959790e+00
3.498243287416193503e+00
3.797648462729322993e+00
3.935177783979968869e+00
3.743328532179964085e+00
3.533360897285243940e+00
3.568293480406690588e+00
3.454858511043273239e+00
3.413576778878192552e+00
3.647429184046517836e+00
3.507696892346014117e+00
3.518847235934523976e+00
3.711739224773272117e+00
3.437159447171246995e+00
3.747066839303061059e+00
3.552852955128607881e+00
3.534664086117441872e+00
3.442698926488129807e+00
3.445860013699685087e+00
3.508320820127615924e+00
3.516434901860282292e+00
3.664482855952062135e+00
3.644402348034494921e+00
3.460304531983337206e+00
3.699547485128223734e+00
3.534355622066311486e+00
3.696864197112819550e+00
3.419693439841551275e+00
3.449160589410522615e+00
3.633577327950444857e+00
3.697807985850515511e+00
3.670456337968492466e+00
3.554863900410135891e+00
3.639183518544620188e+00
3.645384696258868296e+00
3.368151921386560943e+00
3.345489560831368614e+00
3.713363219293240203e+00
3.474312489411500504e+00
3.656107818578072433e+00
3.650196379688193549e+00
3.760701483105668430e+00
3.626068807288585827e+00
3.766019846688738681e+00
3.733399735214836479e+00
3.681466367035483689e+00
3.665271576115487040e+00
3.523809039065189275e+00
3.661070775409636546e+00
3.608809404770676910e+00
3.492296351105861785e+00
3.493769432347373805e+00
3.613953481944752077e+00
3.493512507705089920e+00
3.579615972144617686e+00
3.715264872435810162e+00
3.584106845561994881e+00
3.649634804937489374e+00
3.655118997719451368e+00
3.592290810295401204e+00
3.469168003310530768e+00
3.521573968207690530e+00
3.579298362758914109e+00
3.508201767227943524e+00
3.667190579316529586e+00
3.560363445592105158e+00
3.528367246319156436e+00
3.721585998190531708e+00
3.498368458079452736e+00
3.627844409360307942e+00
3.826155143863660513e+00
3.694989384338418947e+00
3.591325602253704119e+00
3.521461754677979172e+00
3.646133960107245997e+00
3.616719008993523499e+00
3.662290281605729891e+00
3.678049285519108924e+00
3.547431087247874260e+00
3.803659435794849220e+00
3.679094898325256491e+00
3.743049370212007787e+00
3.436233917075592892e+00
3.619638743813191617e+00
3.666497991168869763e+00
3.523195054730434705e+00
3.897019571477306155e+00
3.562079267112297831e+00
