1.260289063241975205e+00
6.061897970881408027e-01
6.896450278628269981e-01
9.263092610106280489e-01
8.286340111134173902e-01
1.035891691547986770e+00
5.536464412077050090e-01
6.324891058297706925e-01
7.736808673670723113e-01
7.560986457123004545e-01
6.068119124144507603e-01
6.622399651165556955e-01
5.044081670585293109e-01
5.405646370949496182e-01
6.850715208190225614e-01
8.410644093621404416e-01
9.101721137120625249e-01
7.206406893478614073e-01
9.842189469822839598e-01
8.010017735426701035e-01
6.989325210275970646e-01
5.828413925695917763e-01
5.517199786533761863e-01
1.001815241831308878e+00
1.059312735380751214e+00
7.479443858496774844e-01
7.327974322229821036e-01
9.705658506146306319e-01
7.604488169954619625e-01
9.013276205630219584e-01
8.837744117935217858e-01
5.315112953788793115e-01
1.134681886756903735e+00
8.224101216540258275e-01
6.909737647778586567e-01
7.285246968443007676e-01
8.977932758501021571e-01
8.713129805890420521e-01
9.186599363845953103e-01
7.829232884625756395e-01
6.313315987320291534e-01
6.068435079320683156e-01
8.304175966655239494e-01
7.731386577584354880e-01
8.912719613173569755e-01
9.412746418310701246e-01
8.268325848898419039e-01
9.038580509257897466e-01
7.573605562894021315e-01
8.241871556782117691e-01
5.987922813420408774e-01
6.830097823636496202e-01
9.260454695205121434e-01
7.101586368971972707e-01
8.805426256604437230e-01
8.865952436112561896e-01
1.087932966845725602e+00
5.837974828181308196e-01
8.261103975713525172e-01
6.640688615909855486e-01
4.567914868031934250e-01
8.244112434017889512e-01
8.615539492808377275e-01
6.509978250526015087e-01
7.970340922515275484e-01
9.216464029666664448e-01
6.714182970187407840e-01
1.059106898241215067e+00
7.688561477610617034e-01
8.253801947825528673e-01
5.350512663035617011e-01
9.139531429190576040e-01
9.450491756790514453e-01
8.612305428744555513e-01
4.243759604394861662e-01
5.049810029863475158e-01
9.197689213952268128e-01
6.658324181636544603e-01
9.359580230798779654e-01
1.230579581060813776e+00
1.095232326503186471e+00
9.837514293148931221e-01
5.658988898450552085e-01
1.080308717994845846e+00
7.114707937493737200e-01
6.004813253991695410e-01
7.246045762187324213e-01
6.532216474496803649e-01
8.218699785213740006e-01
9.148755654056581754e-01
8.763707303663320625e-01
8.217579175274817294e-01
3.722859063382552569e-01
5.552676193509654690e-01
6.951691041993981468e-01
7.849661836965908801e-01
5.390591598438133625e-01
9.264533149056283223e-01
8.626151628619320721e-01
8.612666792074810118e-01
