3.682545542150941653e+00
3.988375957405555283e+00
3.475692112620159424e+00
3.589552965064559231e+00
3.585022298437526178e+00
3.592011717372159296e+00
3.848272251721802650e+00
3.620279534791555509e+00
3.660084563994492779e+00
3.479742577152858729e+00
3.732822325502392236e+00
3.616864011564365544e+00
3.661289841929338262e+00
3.565304941777318160e+00
3.362515984833777338e+00
3.805073175869052360e+00
3.666484713967027798e+00
3.540403533073102960e+00
3.510810588138028265e+00
3.447886866272749096e+00
3.648635960775571174e+00
3.513379830830147377e+00
3.565717414652425532e+00
3.575277354820505682e+00
3.461876433305810963e+00
3.604686868497353203e+00
3.742115228812755046e+00
3.595010174610391296e+00
3.755973630606885383e+00
3.481734885574102378e+00
3.589512797624212936e+00
3.710955083495208306e+00
3.529390323750754455e+00
3.550242616825157960e+00
3.651451272046858154e+00
3.454416854399569026e+00
3.636362550236468483e+00
3.545267806234909447e+00
3.440696719426156847e+00
3.612735499454892363e+00
3.688893175149343229e+00
3.551153230206953726e+00
3.612468362481555673e+00
3.732716582785748471e+00
3.745164252752119172e+00
3.642215392073865576e+00
3.426893558226769887e+00
3.624697103200171355e+00
3.680825821513963092e+00
3.602931666426970825e+00
3.511671025755558784e+00
3.625110701855240869e+00
3.735195917439408930e+00
3.562830483914102508e+00
3.565713578174204645e+00
3.582532901495022237e+00
3.524112106260527622e+00
3.801736790178015912e+00
3.453887728658899814e+00
3.580341681093929029e+00
3.564411051850215451e+00
3.460125471209360093e+00
3.481026786026668596e+00
3.549683520749952859e+00
3.562965281188538391e+00
3.682239303482626624e+00
3.379446003181142633e+00
3.650659041452201325e+00
3.523451378156028824e+00
3.700048234766421640e+00
3.555379186958489424e+00
3.555274632438469418e+00
3.659774468782141632e+00
3.930679383403987259e+00
3.647510209596155573e+00
3.628480319351016448e+00
3.604370858879891948e+00
3.544794145538674446e+00
3.674836258378967990e+00
3.347907820753759811e+00
3.841081619796397728e+00
3.484074519089773947e+00
3.734144075445270161e+00
3.620591318310394602e+00
3.782582518358577950e+00
3.515594657385784583e+00
3.721238455164101566e+00
3.678243241008674058e+00
3.604653010895998211e+00
3.653091339084992395e+00
3.743333997427032767e+00
3.594479432672791575e+00
3.605194879477712444e+00
3.489146647310251037e+00
3.517906924735612506e+00
3.541617342215282793e+00
3.576926081622848752e+00
3.723366220231354440e+00
3.703222176828927736e+00
3.554903899515867938e+00
