1.576057273371631595e+00
1.591301564636006916e+00
1.565275829431754584e+00
1.659648959877730201e+00
1.642004293901309309e+00
1.698102342926376629e+00
1.584669535510187854e+00
1.470966249743006715e+00
1.557176982459333114e+00
1.534488060023513567e+00
1.629913697496776948e+00
1.782854287484121558e+00
1.595887947637090187e+00
1.629034035908569988e+00
1.743242078787793137e+00
1.749108370201516438e+00
1.682397839780661375e+00
1.643885710420796453e+00
1.683403802340806443e+00
1.687196580134647572e+00
1.808107062328904835e+00
1.718311391358768203e+00
1.761162516667878153e+00
1.721121407488877209e+00
2.006799774209209186e+00
1.803648167732025520e+00
1.611875207438544511e+00
1.688495915939705938e+00
1.705793234008921022e+00
1.593126423051181906e+00
1.682713480775671400e+00
1.615650306502171452e+00
1.686534701861736041e+00
1.950188439147203523e+00
1.639664285511873487e+00
1.807602722693466779e+00
1.848467809859486222e+00
1.815265373841786101e+00
1.859765294090276466e+00
1.774170777311586011e+00
1.943333710581108154e+00
1.757497462684599165e+00
1.889222155811191683e+00
1.949845322793723357e+00
1.845386014074474224e+00
1.663791492150773266e+00
1.828741037937449354e+00
1.855776310730028245e+00
1.755572168504497821e+00
1.852666806700313362e+00
1.916617609778891840e+00
2.002074329035344658e+00
1.924484104837329790e+00
2.028581702287796329e+00
2.010475370863441302e+00
1.946393044848207410e+00
1.900258019184685176e+00
1.837350678389487291e+00
1.930784005632043110e+00
1.890157005936480283e+00
1.799081716069924619e+00
1.712521727052836340e+00
1.748313319782999198e+00
1.597443098408074746e+00
1.625456985287502265e+00
1.874330924035171542e+00
1.745499832205573698e+00
1.899039717453585574e+00
1.944429936075259935e+00
1.852814861597933849e+00
1.868997077764501524e+00
1.955296550938192546e+00
1.922943332196167754e+00
2.008530244192638037e+00
1.913845339822001890e+00
1.957649130244234703e+00
2.027928110532842609e+00
2.333885696730382264e+00
2.234877939513875589e+00
2.037741310653208959e+00
2.139472507544082358e+00
2.354316923256722038e+00
2.156671524734185663e+00
2.099763677630019476e+00
2.184153246914450008e+00
2.171285939355052097e+00
2.236490788851469347e+00
2.306020711424321412e+00
2.296876700944006977e+00
2.400411464272078632e+00
2.270919825739841968e+00
2.222335930103906954e+00
2.278820770875579438e+00
2.269610926356650626e+00
2.364278766034036749e+00
2.417458440286640364e+00
2.472405274367281969e+00
2.312990704373376616e+00
2.533762204514034000e+00
2.531011038002125346e+00
