4.450477928744292488e-01
4.335834748110687920e-01
6.333808542390985119e-01
6.579521975656520416e-01
3.511320187622128941e-01
2.990864610327645945e-01
5.387392026205407580e-01
6.863650902724469649e-01
5.715926347642532601e-01
3.896019152845242028e-01
6.450582141786743717e-01
7.172959002428052067e-01
9.160055141031505643e-01
5.644708075623627863e-01
3.002811281209856187e-01
7.067891070709644286e-01
3.737546991790174911e-01
4.530209774890688323e-01
2.712150425484982086e-01
6.348544591288994843e-01
5.687472656636816115e-01
5.777633745044564728e-01
7.731399711273830855e-01
5.530039588132193984e-01
8.623641823584631272e-01
5.780680945043827901e-01
6.102003488918233964e-01
4.378114193729078507e-01
5.102704279339653759e-01
7.368520994769069965e-01
7.909864030749679253e-01
5.614404256256864123e-01
5.137055711144433712e-01
5.361546537661268097e-01
5.904741780872263535e-01
3.722346409963499525e-01
5.589228681188401771e-01
4.528989247894219528e-01
7.114159252093950059e-01
4.951860008109980615e-01
4.412374926190690827e-01
8.545114939162525847e-01
7.544494385955760052e-01
4.651516271086220677e-01
6.617160875919704255e-01
1.126075237355507408e+00
9.005831741492839049e-01
6.671008951484050931e-01
6.720835323507038384e-01
4.100038086895114176e-01
4.335345160590589608e-01
4.992479687388504672e-01
4.116561158238534190e-01
6.108482273519536543e-01
7.904959267131089762e-01
4.391140530403633835e-01
7.070257510636301923e-01
4.839785119414369285e-01
5.190174374145056779e-01
3.773326503004598154e-01
7.427723103654818582e-01
3.832881671760477449e-01
4.328881163469506244e-01
5.056886040823909134e-01
6.265927062236973377e-01
6.711669790079194398e-01
4.976004958318482330e-01
4.532582657138914950e-01
4.051124310803271289e-01
6.483916107240841331e-01
5.943344788790982935e-01
7.188884418704262202e-01
8.453934627319374950e-01
4.666702734713080170e-01
4.417524621811649288e-01
7.610449239390758569e-01
3.612211043332269611e-01
7.243363270270920529e-01
4.770675302191643152e-01
4.096937732080873085e-01
7.803690213341175630e-01
6.228624515522871441e-01
3.787292041868356440e-01
9.695187187078542213e-01
6.134300902868474736e-01
3.775132647923892804e-01
2.414404747424024889e-01
6.531217486808797990e-01
5.898273315223355739e-01
7.992431902147186795e-01
5.352585726810286104e-01
3.511955495093196933e-01
1.183914145542241947e+00
7.343004183564284526e-01
3.544450065288696772e-01
8.965219595818012532e-01
7.072519460693516002e-01
9.226534790332105995e-01
6.540265357136384461e-01
9.862783522408706816e-01
