3.553631935390659358e+00
3.544209995416542913e+00
3.638171511828044213e+00
3.560952773204762778e+00
3.626894457845450503e+00
3.630736183325223632e+00
3.457774889903467930e+00
3.600239721530568371e+00
3.856140817870082671e+00
3.786547181703593612e+00
3.570338167027470089e+00
3.623960773733176488e+00
3.614138713671188441e+00
3.502166287473338802e+00
3.643354214171122152e+00
3.775495625557027335e+00
3.784684445707249267e+00
3.582030638551131574e+00
3.456746641870293679e+00
3.672445062921164460e+00
3.576139204854946740e+00
3.490059067859094810e+00
3.664477614643194769e+00
3.679520602656046524e+00
3.648094107362402472e+00
3.581795399664172486e+00
3.605427894542108103e+00
3.567390444417999351e+00
3.811062816677801113e+00
3.559124868736024627e+00
3.484041475404277222e+00
3.610335058458905788e+00
3.594371998239092481e+00
3.612862250824713239e+00
3.685340776056417411e+00
3.555082340230886651e+00
3.756921805718925533e+00
3.696778163229140546e+00
3.729501180215076150e+00
3.673356309030738842e+00
3.495819947877461864e+00
3.602481442129428224e+00
3.728854910293237790e+00
3.602315489440173213e+00
3.643592199198939063e+00
3.764407580121533314e+00
3.658486539205008103e+00
3.932339892353760469e+00
3.644516065790921910e+00
3.815188640747006144e+00
3.559369573867618097e+00
3.582017113590262092e+00
3.839992159896866930e+00
3.468761115459753519e+00
3.673511260547787760e+00
3.695078082439297695e+00
3.682479130083365693e+00
3.645563267597840884e+00
3.571757549074098925e+00
3.661521718218688992e+00
3.405858600310514905e+00
3.572727800049283253e+00
3.482506292859658625e+00
3.614164494840801822e+00
3.583845692323500476e+00
3.565521217734238135e+00
3.653778659068384727e+00
3.775225366522595216e+00
3.524204137785170055e+00
3.635766035081267944e+00
3.710513433792538507e+00
3.787096021826122705e+00
3.720833245071315076e+00
3.689479088101466964e+00
3.505233104081149964e+00
3.611570966656104442e+00
3.648889906164163754e+00
3.609399126886962073e+00
3.591938660424927043e+00
3.690466486924927292e+00
3.720918510338070639e+00
3.684043388583912115e+00
3.899125731404882167e+00
3.788019769554714422e+00
3.617959601226413024e+00
3.507317835186723798e+00
3.695926091798076296e+00
3.767376048089839280e+00
3.748922537016404544e+00
3.566749972996883677e+00
3.662700754759184552e+00
3.528968508268923276e+00
3.626691989735382204e+00
3.754720100701633090e+00
3.646289765787723347e+00
3.813391632985627222e+00
3.546382606892926947e+00
3.610541759591534117e+00
3.931556386761831945e+00
3.621958997906114419e+00
