9.813766032760293800e-01
6.486198931246863753e-01
5.738309084956487727e-01
8.222939771052840685e-01
5.584644822301074729e-01
1.033265396484335241e+00
5.764607120573634891e-01
6.121616319264807649e-01
2.808407624165769612e-01
5.342911027867943696e-01
5.923386084073135605e-01
4.008725999731695966e-01
7.349992557881849242e-01
8.073198468852084142e-01
6.419111463084137270e-01
6.404515334781447633e-01
4.014993395580911395e-01
3.524167867786743846e-01
7.377052832853516762e-01
7.782180927362104539e-01
6.585177080742267153e-01
5.700088835846995883e-01
6.596910200492801524e-01
5.524179247607553522e-01
7.492021003254403233e-01
7.569602629768510393e-01
7.256894986661265312e-01
8.061573961679276978e-01
5.670725486344345700e-01
9.400519188971976359e-01
7.077481965893158700e-01
7.397607313159380027e-01
5.637179707941559759e-01
5.537657932535039462e-01
6.723496790391685352e-01
5.289421659391012609e-01
7.279494002346582615e-01
9.275163993649666594e-01
7.305384562272388971e-01
5.761514965190281945e-01
8.034115708965973157e-01
8.400836668754385617e-01
6.817694756467673756e-01
5.175259155257310173e-01
7.064106724037826357e-01
6.945188320774522417e-01
5.688158179771334311e-01
7.996428084646567402e-01
6.279107748425174496e-01
5.598629969702358933e-01
5.045559331876322551e-01
3.267789790291869556e-01
7.388291670442470593e-01
7.283090112646858350e-01
6.445500575229772267e-01
7.412899408855027072e-01
7.431616302504162608e-01
6.876535299147431557e-01
6.137954877431666123e-01
5.430943742614567915e-01
6.465799997741144001e-01
7.020440280805227973e-01
3.426449091520371582e-01
4.517822165455512295e-01
6.743265363612783725e-01
4.836143525033659296e-01
9.358322745354433758e-01
4.456256091692107901e-01
6.643283873907057657e-01
4.934508047850836299e-01
7.947771695973467887e-01
6.495783625830263697e-01
6.351870407202740987e-01
4.901896655322190433e-01
4.053407579906960767e-01
9.539232801951804674e-01
7.176511865588786065e-01
1.291004511500322804e+00
4.840907463759532292e-01
5.496888900975288594e-01
6.503080617764633864e-01
5.652381116563529595e-01
6.690817533686511664e-01
6.896039348631217702e-01
6.209304180078580870e-01
5.957146680718794496e-01
5.755634640063556073e-01
6.407578231045132355e-01
5.167013969676125251e-01
8.345656760532860208e-01
4.893514897629098748e-01
5.130490428620319010e-01
4.316025254709152104e-01
5.616631066977061382e-01
6.663397009453830844e-01
7.392163783407579292e-01
7.753120185289633648e-01
6.954503045952268314e-01
6.486801548074040413e-01
8.460988474508389645e-01
