3.584860634112255529e+00
3.533547990236819647e+00
3.519183151691327449e+00
3.653026686551665403e+00
3.799894782999980958e+00
3.653923021242807323e+00
3.508670689393154962e+00
3.563411449925529162e+00
3.472124351006513177e+00
3.818908242086999749e+00
3.632347406911953236e+00
3.538754565834604460e+00
3.513012482626561628e+00
3.602339612254044532e+00
3.735584403575689549e+00
3.694685187867066123e+00
3.871047137353430312e+00
3.772603370803047085e+00
3.484571350912998966e+00
3.623865514568355817e+00
3.567573193133913634e+00
3.473757286162606928e+00
3.600761440111705181e+00
3.657988193814305511e+00
3.563161350315272813e+00
3.524042725923222541e+00
3.707378043744350649e+00
3.381060539413625499e+00
3.825881823641869683e+00
3.695445456788610361e+00
3.744118876200419166e+00
3.721675711147841792e+00
3.890929447134525265e+00
3.633858725437611792e+00
3.635140204695011423e+00
3.753896228570008820e+00
3.604103825933206551e+00
3.592552188965374871e+00
3.464135152180590094e+00
3.711789042233724079e+00
3.510747119056036869e+00
3.465185538379985886e+00
3.547591708690827073e+00
3.620564817646125810e+00
3.687404456707615186e+00
3.638015156510257420e+00
3.432725531572025979e+00
3.525135386409420590e+00
3.611462264442133474e+00
3.745251121410916983e+00
3.809908340949150318e+00
3.539932247024038414e+00
3.490645716378116159e+00
3.580416518211058552e+00
3.317844428290655401e+00
3.515851194465409613e+00
3.445394142951527350e+00
3.492696728186745592e+00
3.689204809424443621e+00
3.726677199158259235e+00
3.718600699306702673e+00
3.898486161320419807e+00
3.797553395411984223e+00
3.666261771837523664e+00
3.630996184872007149e+00
3.557826405440691619e+00
3.924242409104393925e+00
3.648656612513430986e+00
3.447999923353573415e+00
3.671568887597848718e+00
3.782310069269174235e+00
3.495361053591108824e+00
3.542596508793469212e+00
3.626066951396801574e+00
3.770429880916481569e+00
3.489776601871902084e+00
3.797236878723363684e+00
3.677036080117316086e+00
3.764947162829860083e+00
3.874970726975108359e+00
3.637431622139567722e+00
3.717714271973090678e+00
3.499553094760523120e+00
3.578957627552210585e+00
3.861943321236089410e+00
3.602527685962501725e+00
3.571727157967105715e+00
3.664927605129245425e+00
3.750782067205816528e+00
3.607321073878988482e+00
3.654404444121429396e+00
3.709390312960980207e+00
3.679540659424096916e+00
3.579689115068464655e+00
3.889217795303361758e+00
3.497414792337936618e+00
3.470774031497873668e+00
3.718177564863539342e+00
3.523239918555569172e+00
3.611511804116193769e+00
