6.902664041023053310e-01
5.301917521558321411e-01
7.661720969017754568e-01
6.746729124562007573e-01
7.404036491195805647e-01
8.567558420359326909e-01
6.140357524381084842e-01
1.026510792300750596e+00
1.070877021695482822e+00
1.721768132227111670e+00
9.967644084520698167e-01
5.777491654201767357e-01
4.689672291424749617e-01
9.228689439047013110e-01
1.048088824987076784e+00
6.752455397394236947e-01
6.348049442829374334e-01
7.542153236972000130e-01
8.514330118448744100e-01
1.178879857070031845e+00
1.021162787190948551e+00
7.905465965420965802e-01
7.634782217264934889e-01
7.834438738350008036e-01
9.115792193260567888e-01
5.195731802830514390e-01
4.765030855058940973e-01
7.335853029818985016e-01
7.271550755411335665e-01
1.047458556494550219e+00
1.347057003432645450e+00
7.873787491583098541e-01
8.657361207227219912e-01
1.028801904379354148e+00
8.424381625000521012e-01
9.371563006868679491e-01
6.885175997183596852e-01
1.014123113192464842e+00
9.663596647215636493e-01
5.958291975630913839e-01
9.044713888094033649e-01
1.090427108504410159e+00
1.069027057345976583e+00
8.018115676796069291e-01
9.585724026836167644e-01
7.541985280767413702e-01
1.296304316245064703e+00
9.309279202153404320e-01
9.646292216260112795e-01
7.763196938511387479e-01
1.122171621171187850e+00
1.150486872711302455e+00
1.242357675941262007e+00
6.943635641621580534e-01
1.268245060090531062e+00
8.858295962485762676e-01
7.660138907138626108e-01
9.315959664362589709e-01
1.103262173186725592e+00
9.542011540869025366e-01
1.262413455064457457e+00
8.053122231123308605e-01
9.652956633320119995e-01
8.943073531117758934e-01
9.567469539763251429e-01
7.703706023788791102e-01
9.020048224794083858e-01
8.250082403820724331e-01
8.503770440545357356e-01
7.754153790810074387e-01
8.098329781863742305e-01
6.168895244573598946e-01
6.170050388232783956e-01
8.349776458380072652e-01
9.532131483456236509e-01
1.220420619519018368e+00
6.572826641529520009e-01
1.467774956055956981e+00
1.022739571901863043e+00
7.730223488463817683e-01
7.596340392156728516e-01
1.009342575045529156e+00
9.929578705283363949e-01
8.370929343971758030e-01
1.043798626279685893e+00
5.220806731077937135e-01
8.466271406660028642e-01
1.052800819071230132e+00
5.184296639727361544e-01
7.710642213877378914e-01
5.971427046462661758e-01
5.979362796996453566e-01
5.105279368225847936e-01
5.913263534093315954e-01
2.361553646827231345e-01
7.795490019967923345e-01
5.347792489866641796e-01
7.200277482166048681e-01
9.057303707254930059e-01
7.826604565638897171e-01
