5.154026314870675529e-01
9.855797842780295026e-01
7.904708024244436748e-01
6.364302277697022614e-01
6.811221709117603051e-01
7.257656023326495287e-01
5.358597655072694366e-01
5.935987154878828997e-01
7.620015706991749571e-01
7.264829599544644356e-01
7.404164911127824045e-01
5.101720695485909562e-01
5.199895721460613407e-01
5.705649451250753845e-01
4.343962802217588570e-01
5.819312269721597097e-01
9.935605935916985709e-01
7.879839080844275312e-01
4.603456174351792662e-01
4.124036856714193844e-01
4.624550435314248031e-01
9.090888390457330104e-01
6.446052224626271920e-01
6.664197454383931074e-01
4.282701238271830468e-01
7.926003808704884523e-01
4.606183768161982717e-01
7.508318727010406812e-01
7.022385557292851743e-01
1.043238073368056851e+00
6.773137079349323963e-01
7.828528672400848487e-01
5.117128386146506669e-01
7.991283224900939119e-01
9.165594410357368327e-01
7.421052815827744453e-01
6.606209397214225509e-01
5.501668947931260822e-01
9.910994518001122744e-01
9.129159162092636004e-01
6.265824092706054893e-01
1.037262861459001151e+00
5.246405874571214989e-01
1.004568297581165393e+00
7.717944753303521699e-01
8.367603943763397556e-01
9.461018465570486535e-01
8.851955850604135145e-01
7.995589743558531026e-01
1.039150532263106719e+00
8.364752352488520337e-01
8.380299176065209021e-01
8.445681868194605535e-01
1.372282147427038357e+00
7.899628693194034046e-01
1.191703369621605502e+00
1.025521112063029650e+00
1.219669535242511982e+00
7.090287417343933418e-01
1.100119856255558970e+00
9.647763608508808097e-01
6.717455992338620119e-01
1.116666063498132466e+00
9.510393968458542568e-01
8.535131412070351420e-01
8.384291438714115419e-01
1.354722258856007278e+00
1.348110330301981019e+00
1.731585073520112372e+00
1.430914340349227043e+00
1.392497887135129675e+00
2.158371530594867416e+00
1.443323563025489253e+00
1.011030151859127812e+00
9.573975098944792483e-01
1.221903709114006142e+00
1.148930320109951664e+00
1.102816684125990321e+00
1.210276490136318328e+00
8.045335106409081671e-01
8.864467266141521362e-01
6.416171819010811905e-01
8.788810958133226325e-01
9.441296227281625875e-01
6.650115564712912875e-01
1.391842493705554240e+00
1.198951648886134036e+00
8.084001943771512710e-01
7.449229814071625100e-01
8.267701224774722801e-01
6.235558534068899039e-01
7.914373544084917222e-01
6.745874901771180543e-01
7.035308025343453009e-01
6.087867342011780147e-01
6.115442353603882664e-01
8.346147214355146282e-01
6.277247548238918951e-01
1.153223034660828539e+00
4.999534757425501685e-01
