3.497491375747194375e+00
3.656497242781878487e+00
3.722487421254393247e+00
3.391327052598070324e+00
3.650081326158328476e+00
3.427181418582414985e+00
3.681018850314626167e+00
3.689731119729180442e+00
3.582127500148468258e+00
3.552348897414070450e+00
3.774603417515829396e+00
3.569026895772138719e+00
3.563586784715333078e+00
3.659248281934717184e+00
3.482641582216531528e+00
3.598227920927243417e+00
3.673679687368164526e+00
3.486756285891946749e+00
3.769589096397124806e+00
3.659891218404265789e+00
3.734347532425673855e+00
3.518698681176734677e+00
3.436099090763322206e+00
3.509362035453587936e+00
3.521253744783956474e+00
3.605369863299163757e+00
3.496603668907745543e+00
3.758104382697386558e+00
3.999717862267177626e+00
3.506253260954005579e+00
3.742709918088196197e+00
3.568989615969716311e+00
3.573259151900799235e+00
3.612568019120619756e+00
3.578173581866757491e+00
3.598982827377835036e+00
3.435368617655895740e+00
3.535236600135218232e+00
3.512342768210506616e+00
3.727596710073476149e+00
3.451562785365171138e+00
3.599397816047559484e+00
3.440202862465591149e+00
3.557790480616630280e+00
3.899058752542793105e+00
3.626231128556001604e+00
3.662381508438029343e+00
3.635737324406930426e+00
3.717946549844981075e+00
3.658262225434240289e+00
3.658204956731050839e+00
3.497790994456154934e+00
3.651769212731841296e+00
3.365138087012755186e+00
3.637045800704122644e+00
3.756253842513220143e+00
3.675589451796540619e+00
3.428310239889152289e+00
3.585804449066633204e+00
3.603810562508821036e+00
3.632819045593531637e+00
3.638297605002148050e+00
3.439967256568861487e+00
3.559236303610653351e+00
3.629343145568511453e+00
3.611369252964479859e+00
3.815163557112653425e+00
3.718574898708827181e+00
3.892453190511947714e+00
3.803253554798514013e+00
3.630657503896473237e+00
3.715188788238538820e+00
3.626816799227476462e+00
3.413531163435584048e+00
3.661278333631226900e+00
3.466535084465038441e+00
3.543622274227628655e+00
3.487128003696831957e+00
3.611893391798888242e+00
3.775818567913928447e+00
3.597720590754305725e+00
3.486873919504886121e+00
3.751013899135603236e+00
3.532940176586111480e+00
3.688801369252063811e+00
3.370266512448573781e+00
3.917086255657312055e+00
3.419276618213015873e+00
3.606121223980589985e+00
3.716298716032977012e+00
3.390369458249596679e+00
3.643050849612708308e+00
3.599973487292937424e+00
3.553370459569153539e+00
3.544718327358573617e+00
3.564429063906131567e+00
3.693008318813281399e+00
3.693084207712150846e+00
3.565552846945954979e+00
3.615203105955369534e+00
