7.482059728443565261e-01
1.137586706530814729e+00
1.181455319852815933e+00
1.001758414962649724e+00
1.115058630563850794e+00
1.087701502364028627e+00
1.098514320534271782e+00
8.686615255963158200e-01
8.511447701861031279e-01
9.910260898996171575e-01
1.077191136492297030e+00
1.189273675218506243e+00
1.087005445318036889e+00
9.841665729947290941e-01
1.272054649054597864e+00
1.213419828496691499e+00
1.393539538939153832e+00
1.480528296369189256e+00
1.376178244525123162e+00
1.192382362964205411e+00
1.098561430728526522e+00
1.082957292583252240e+00
9.124656203628084272e-01
1.321155791881665431e+00
1.002593215058767084e+00
1.313597296528347558e+00
1.035830677632363583e+00
1.151621999042475863e+00
1.238535398154238854e+00
1.173500191938404935e+00
1.647982699488018898e+00
9.655846983283807861e-01
1.142376275474243252e+00
1.110103046243202218e+00
1.089361123561334077e+00
1.356489865344717272e+00
9.662401874245302169e-01
1.266116296171616140e+00
8.704306545059464773e-01
1.160495229233371672e+00
1.012930346008984017e+00
1.257982698397712040e+00
1.185772985819299574e+00
9.497277600764543193e-01
9.116513266052536091e-01
1.031968802942352159e+00
1.032830192743620090e+00
8.899571381391928604e-01
9.679269524855323992e-01
9.524685306154950792e-01
1.115084168082305816e+00
1.095924919870856939e+00
1.171727390338290986e+00
9.549070497662131007e-01
1.119515771171832430e+00
9.673189068053283934e-01
9.785744294206178973e-01
1.141009836670855204e+00
9.369183280649474588e-01
1.040464501783026519e+00
1.099740989535759494e+00
1.222900374942343271e+00
1.075742520435417848e+00
1.052141712149028185e+00
1.083589867581770783e+00
9.424440000850817789e-01
1.027191198673626849e+00
1.055622041304253189e+00
9.019979470166814561e-01
9.162346863911552397e-01
9.795587194125284780e-01
1.324231655299960897e+00
1.175874207028584362e+00
1.092446255252593756e+00
9.675953787764740577e-01
1.016786817542440158e+00
1.117865485460850072e+00
9.804011748049618058e-01
8.841417607789034960e-01
8.789770267654979374e-01
1.011963527400113305e+00
9.386238074833485046e-01
1.035986571018812752e+00
9.972228606303609189e-01
9.527050498568250259e-01
9.508207879836199083e-01
1.161256156201089906e+00
8.559196463930706100e-01
9.736198238553995798e-01
8.472689066462748553e-01
1.012667549682765511e+00
9.428553334692842958e-01
9.611989968914498306e-01
9.948286061088599252e-01
1.195280608171046088e+00
9.529600614662269153e-01
1.063050328850579040e+00
1.016964780558956116e+00
8.697641263361515218e-01
9.975700630832952109e-01
