1.497134715940762195e+00
1.476958178307331115e+00
1.625916837007066684e+00
1.620367402277314461e+00
1.427821224601601546e+00
1.432880351324916868e+00
1.689837690357214095e+00
1.619206430957315535e+00
1.508841736770024200e+00
1.658700410655675306e+00
1.612335722446367248e+00
1.530664220693440658e+00
1.414251893360591872e+00
1.615957493998354533e+00
1.593961099815046190e+00
1.569834150379408655e+00
1.435857994381145142e+00
1.436502019349292558e+00
1.506179845700852171e+00
1.488490415515327792e+00
1.600330162123209332e+00
1.494461041771294907e+00
1.475329093638074962e+00
1.632745829186865949e+00
1.554107747130875739e+00
1.652019363614003478e+00
1.526122751054111992e+00
1.554503306989463818e+00
1.632658280541904761e+00
1.567213167068445268e+00
1.629877851305249425e+00
1.563135119429146513e+00
1.706499551319329511e+00
1.762615408032293551e+00
1.757271965677270842e+00
1.935660488359761233e+00
1.891147224389654768e+00
1.663986607616731783e+00
1.674902194879578365e+00
1.882780794470965136e+00
1.655856161739562404e+00
1.648867260304202720e+00
1.628582164157951206e+00
1.684211211898720473e+00
1.736334635943842075e+00
1.711730020624064208e+00
1.610640472265859824e+00
1.593128479689645882e+00
1.641341615345499605e+00
1.643614787823016732e+00
1.724394023207720172e+00
1.815874701011050973e+00
1.703987902561592716e+00
1.450282036404636266e+00
1.614438186801942621e+00
1.715329642465844850e+00
1.532949529698663049e+00
1.793578418273139352e+00
1.766650273784493796e+00
1.696817765655281862e+00
1.606211699095240863e+00
1.744172539146516820e+00
1.875544251502327286e+00
1.769225030330143777e+00
1.656530744638920805e+00
1.751908382416029974e+00
1.684717907296497064e+00
1.652556644641542949e+00
1.535435760896514790e+00
1.804023841276518159e+00
1.723769124496195682e+00
1.647152486325829779e+00
1.644678987302647055e+00
1.832870341878132914e+00
1.720538130575710811e+00
1.622167701610220947e+00
1.781621460776661392e+00
1.699281566698088275e+00
1.655978270242614014e+00
1.824401135900395099e+00
1.793135291014671617e+00
1.750173406226826378e+00
1.539566840532152980e+00
1.681007088666697902e+00
1.681215218408511625e+00
1.727937023683418394e+00
1.639016896913665811e+00
1.797304593057069244e+00
1.708703934046922557e+00
1.858428973017882013e+00
1.727380865120688114e+00
1.886663100390313819e+00
1.865486622531789429e+00
1.763054885681486716e+00
1.938921166763896586e+00
1.831937638536459634e+00
1.716560111712062575e+00
1.808495099689023444e+00
1.735792641128190761e+00
1.676705859873927063e+00
