1.207190971713085537e+00
1.643735610246983558e+00
1.088563364678765355e+00
9.034207603506896334e-01
1.380916402478342686e+00
1.298044286870845498e+00
1.258489449802091986e+00
5.988998300549230880e-01
1.415971215865158506e+00
1.791042403837991959e+00
1.433023408292151801e+00
1.108893097281215434e+00
1.433449593522001964e+00
1.248183260013326024e+00
1.455376362985008054e+00
1.172800646061860963e+00
1.218581042854302465e+00
1.397519645187815795e+00
1.277186345233020770e+00
1.139931635106926189e+00
1.135679295652337162e+00
1.263530041326975217e+00
9.646003599583258259e-01
1.059108920330011250e+00
1.721632065508276410e+00
1.265475242077934048e+00
1.796298470850113738e+00
1.275309516032005597e+00
1.544846711058971422e+00
1.680860151930907875e+00
1.363190394470609190e+00
1.528820180526224926e+00
1.305743329575791645e+00
1.406036552914400994e+00
1.229127121036492687e+00
1.403424824529017734e+00
1.217884377290554543e+00
1.294140755647474217e+00
1.154702920984559178e+00
1.430335376214272092e+00
1.030455641613531759e+00
1.263713469599308636e+00
1.287182845408541887e+00
1.335267281632069425e+00
1.417181165910096796e+00
1.313870144105292015e+00
9.989284557554218846e-01
1.240428698753109682e+00
1.252046330180118128e+00
7.641302098695357259e-01
8.998693527141227166e-01
1.054034437323477125e+00
6.789018830610922262e-01
8.930510785273139129e-01
5.299963529312662347e-01
1.106950035921045794e+00
1.345864943883017029e+00
1.513838414491775808e+00
1.130710979364406343e+00
1.400909197291754671e+00
1.114002830727207405e+00
1.295919791988199954e+00
1.267087415892109714e+00
1.273383682896129798e+00
1.379844661101229164e+00
1.133017460845032076e+00
1.364752182837610128e+00
1.340363766258447331e+00
1.858899096733753975e+00
1.368716831283435020e+00
1.167929409735294355e+00
1.245323817335307837e+00
1.144213292737898513e+00
1.398470298596576900e+00
1.054205758074040933e+00
1.523670627965404201e+00
1.204234787919937766e+00
1.133909334313494277e+00
9.090322062258320290e-01
9.325600767745431119e-01
1.340778286907577499e+00
1.435775378575903538e+00
1.202008128630377426e+00
1.277104055490893231e+00
1.220348767613763652e+00
1.607316737951758556e+00
1.083385664428296646e+00
1.062288278515206130e+00
9.110202461032688159e-01
1.131354922991963718e+00
1.185556326177776842e+00
1.252574204730908525e+00
1.476647949263803383e+00
1.158586259983372058e+00
9.423901632214396473e-01
1.756998770675749499e+00
1.604164518308220710e+00
1.325284048494066447e+00
1.286971178077346067e+00
1.527344317731370138e+00
