3.550966082737768481e+00
3.565002636200226505e+00
3.484239193600048967e+00
3.537457340575785203e+00
3.735423601299665997e+00
3.658240281739824962e+00
3.519396217364147983e+00
3.609004447045487840e+00
3.563785967999467896e+00
3.529309938635516453e+00
3.698291144245086759e+00
3.470449851538252695e+00
3.501124323619533296e+00
3.640651784885602371e+00
3.546436653216465729e+00
3.337236445880461755e+00
3.595533812706008359e+00
3.611095564091510557e+00
3.744237068023852366e+00
3.496554420215799652e+00
3.450861859595252934e+00
3.558181392147531596e+00
3.492185185429808048e+00
3.753699569325760876e+00
3.531312536992705642e+00
3.343366732956972953e+00
3.631623842960502113e+00
3.609057120754245673e+00
3.685169516050562422e+00
3.818531162673379775e+00
3.687872892511800949e+00
3.739055947444105854e+00
3.588443039831116010e+00
3.685149675241639944e+00
3.589345478386768207e+00
3.374190026873502113e+00
3.586155233503285800e+00
3.561832224232408528e+00
3.841306929487681820e+00
3.369943739160601748e+00
3.541447276376382458e+00
3.495105622070970419e+00
3.595566774445593694e+00
3.657139756436381006e+00
3.954958374959835155e+00
3.616258400536770168e+00
3.502725450125767193e+00
3.779411453006418231e+00
3.752327119251077203e+00
3.518886767745605493e+00
3.673037834829735893e+00
3.480948885429464568e+00
3.586755115491894408e+00
3.623665278589393690e+00
3.437443888417876181e+00
3.581043339000761438e+00
3.734370859466614068e+00
3.535403105577247906e+00
3.702852935811131285e+00
3.564036656644426149e+00
3.602370236452378194e+00
3.564551011676639458e+00
3.614741198209496797e+00
3.635335403817554045e+00
3.762566010757690371e+00
3.593178315190106442e+00
3.668122637804935859e+00
3.659682357219840920e+00
3.543292407967746360e+00
3.684538513214688393e+00
3.473214702018194266e+00
3.854335771666355992e+00
3.670021217755150555e+00
3.686952284837600846e+00
3.799882884867201494e+00
3.503412518016263189e+00
3.547216785257033766e+00
3.680046877648226467e+00
3.560600142516292088e+00
3.489008257616612152e+00
3.559322063151104221e+00
3.543060404486177983e+00
3.407908980639809293e+00
3.591975068215094602e+00
3.470857527492675842e+00
3.673001418571219645e+00
3.532004824542069432e+00
3.584975222910038450e+00
3.549896261530496755e+00
3.671295300072931145e+00
3.378801863219443202e+00
3.694491462544818638e+00
3.696534295446095797e+00
3.576493030995758104e+00
3.539246589600022030e+00
3.545239293347373977e+00
3.420988559103153914e+00
3.510240695800602051e+00
3.503467352734328077e+00
3.991993839339400107e+00
