3.588537317191212050e+00
3.496390983164828992e+00
3.533447836078532411e+00
3.708729340253554163e+00
3.448131949812823560e+00
3.890439744314210024e+00
3.817609981445613254e+00
3.536799533773113513e+00
3.439625494767032610e+00
3.506291011258366286e+00
3.527478034375659988e+00
3.550347115734892256e+00
3.540271037071538007e+00
3.752087181503911850e+00
3.763730051802899101e+00
3.542756174248307577e+00
3.663826940905156260e+00
3.512218082109224593e+00
3.442598831496150869e+00
3.637201102420401622e+00
3.611646204277371819e+00
3.773963233703726328e+00
3.571924574186585932e+00
3.505565066160196697e+00
3.692116474192950193e+00
3.705844494566727931e+00
3.681722146062806900e+00
3.591133411805734976e+00
3.602120154787654016e+00
3.862734078164732576e+00
3.481051338378686744e+00
3.477866510595674754e+00
3.708026272236328857e+00
3.573065720154997127e+00
3.513571851171828797e+00
3.860811343120803762e+00
3.513630233601694020e+00
3.585198997987425251e+00
3.682609824972035373e+00
3.733355951469321088e+00
3.580295606697563304e+00
3.630857636198794314e+00
3.590168621623107015e+00
3.551264451405071743e+00
3.565962547958825279e+00
3.632276200958025836e+00
3.559184167803711940e+00
3.859281138291826618e+00
4.085111177652399839e+00
3.714544895428010918e+00
3.721513375309982052e+00
3.683125736687509200e+00
3.545704723818885906e+00
3.681009693893496859e+00
3.596219558042770714e+00
3.470011513687921934e+00
3.598444045263915481e+00
3.793913827165050545e+00
3.823895286100778002e+00
3.834811802088961663e+00
3.632291432243484941e+00
3.721024002628524840e+00
3.419830073272969173e+00
3.398031207093144879e+00
3.532020714854174237e+00
3.629862988565604631e+00
3.439004716309597587e+00
3.778784150939453745e+00
3.591917280330044537e+00
3.613066531751535138e+00
3.645329424941660790e+00
3.669697294357740169e+00
3.721949781353245612e+00
3.786597502813337623e+00
3.624200966278851244e+00
3.363192983972460137e+00
3.451475469470691060e+00
3.469870281439229487e+00
3.513115207617158120e+00
3.614175877371369250e+00
3.765056357576538115e+00
3.491759710935486982e+00
3.693126417851936960e+00
3.750567397175440743e+00
3.399020260076212718e+00
3.574621190545085092e+00
3.586131675199816016e+00
3.430470294247454532e+00
3.788294601187502497e+00
3.614963497166976403e+00
3.584974619547283581e+00
3.659777263968698957e+00
3.630395475232669256e+00
3.835767917385766612e+00
3.552552682288036667e+00
3.449293202918495282e+00
3.609546080931008039e+00
3.603826986737679761e+00
3.671739147708480644e+00
3.725388573675401105e+00
