6.999067902265018182e-01
7.291780345094113214e-01
5.879188149515380823e-01
6.165775293167445881e-01
1.186102667300115598e+00
1.107214987415013230e+00
9.688150487052080706e-01
5.741589531737590901e-01
5.312370344272719924e-01
8.653758283795477402e-01
5.950049563892231275e-01
9.511681683430376344e-01
4.599300565555191622e-01
7.009145237600615808e-01
7.354834703756146785e-01
6.963155294987511956e-01
5.842341655033241876e-01
9.543739234842374408e-01
8.151515289661840358e-01
5.876300339650237792e-01
4.766287402149755326e-01
6.053979957759869635e-01
7.121251539944932762e-01
6.594956839051622222e-01
6.260067338804206072e-01
1.009513185888290643e+00
7.645041269560911568e-01
8.773348674574170669e-01
1.076870812077417527e+00
9.950036166013804806e-01
8.648771978069708100e-01
4.923724954033533163e-01
8.681819003854724937e-01
6.930560352964869608e-01
5.906904847152119054e-01
5.676550041176656736e-01
8.287212804995810478e-01
6.421366523432345819e-01
6.600060271128537215e-01
7.719398350363957384e-01
5.751036460442039422e-01
4.830072972112854912e-01
8.330277548250740738e-01
8.836774302249662538e-01
7.230499408600066236e-01
7.155996438129671455e-01
8.947686546227060500e-01
7.588267899098541935e-01
7.507962072015995636e-01
7.604336083847296202e-01
6.484035262092249230e-01
6.258350835134144363e-01
5.572969495964363862e-01
7.960176776325689207e-01
7.318861577220407977e-01
6.361876366881061839e-01
8.280965095720296265e-01
1.187249502180656169e+00
6.044288481583769412e-01
4.511903784206456880e-01
6.604708102837386630e-01
3.822672668046751543e-01
7.440224919355241662e-01
9.512436629612606165e-01
9.368754057282286940e-01
4.645353691596905699e-01
5.809837002441847753e-01
8.334092491047865314e-01
5.887448962073519310e-01
7.170565514592950329e-01
8.966544278810680835e-01
7.778053500434461975e-01
7.587474869252728293e-01
1.270549443424457747e+00
4.904686798978306062e-01
6.230191607343767979e-01
4.302853372121931974e-01
7.426717835954521618e-01
8.743201658941306409e-01
3.073218663214012381e-01
4.844538832363253222e-01
5.829340867255968783e-01
7.517677525307987496e-01
4.665582686811351465e-01
3.776540915167513890e-01
6.954709888681613883e-01
7.256659925147679324e-01
7.221263017096563042e-01
6.228566280157683543e-01
9.246948367929910262e-01
8.408989227003025313e-01
7.175321944939283547e-01
7.164650253960733739e-01
4.845646843691071570e-01
6.158040538562682409e-01
5.942283185628556286e-01
7.364492148145450612e-01
7.257046686863654061e-01
6.132534633358848186e-01
8.182986113961309149e-01
