3.549832902318459826e+00
3.557615004972107808e+00
3.599020245715545130e+00
3.648225754307743873e+00
3.628897707576480780e+00
3.591193378882913123e+00
3.476403867027880512e+00
3.579911104113320253e+00
3.558166182143190692e+00
3.572000418102036612e+00
3.547577425545599628e+00
3.569372157305781279e+00
3.525463698028485027e+00
3.662716351660741942e+00
3.450328384823365013e+00
3.492868017240168044e+00
3.834729168704689162e+00
3.464343519144837735e+00
3.474547991687356063e+00
3.674340531772556595e+00
3.546383330304751169e+00
3.520550262680341103e+00
3.459868654637698437e+00
3.546951586960977565e+00
3.595987645841431490e+00
3.527402392106251838e+00
3.527114944962420839e+00
3.602696025337488450e+00
3.680988619141681628e+00
3.533937431437481624e+00
3.725332173343264053e+00
3.665149657730159660e+00
3.486516016679935159e+00
3.575079442907021399e+00
3.521691968059231126e+00
3.561829412900801906e+00
3.559338230895487065e+00
3.592028385010718416e+00
3.596547619832175524e+00
3.798736050775586293e+00
3.606910951920244912e+00
3.600008396215774731e+00
3.433173603992667466e+00
3.538710544145935444e+00
3.588028187826694637e+00
3.662875589922672592e+00
3.778838491174056458e+00
3.719368535559378852e+00
3.520225409695343810e+00
3.588790407598199561e+00
3.430509953969733683e+00
3.854204043288092407e+00
3.517988341470161817e+00
3.672075879890828176e+00
3.607114222194537145e+00
3.569343479815669795e+00
3.545295804709044596e+00
3.736040842036298937e+00
3.710443016730138766e+00
3.560495651291184949e+00
3.463292895721601816e+00
3.602399363681371813e+00
3.554607141261983738e+00
3.777664739514396075e+00
3.491741329467251020e+00
3.613905772557636897e+00
3.514476646809097549e+00
3.641283525052945169e+00
3.688842891707913463e+00
3.537026624296442545e+00
3.507965877047341863e+00
3.557536152606358026e+00
3.788877165646985290e+00
3.513304099651987311e+00
3.456542324425752710e+00
3.765981578278646769e+00
3.454874690072437637e+00
3.568201595902624312e+00
3.662606070177730100e+00
3.582269251836915469e+00
3.649594058892661419e+00
3.484453099226097805e+00
3.646170843250400306e+00
3.587359812296641692e+00
3.613856756223717159e+00
3.635042908590793598e+00
3.418783366373638000e+00
3.543351577409925124e+00
3.506920908550173799e+00
3.486671664141694826e+00
3.573994475232036283e+00
3.477384051326919856e+00
3.505767157040009518e+00
3.542260392534824831e+00
3.468619753349619472e+00
3.344061042484215207e+00
3.551992566567587328e+00
3.327762445868092556e+00
3.647781471901814232e+00
3.594855753392297348e+00
