8.130527691477918983e-01
7.103493276909124132e-01
4.307386443001038900e-01
5.549446822146067992e-01
6.124166636732406577e-01
7.935940741598345172e-01
5.261872261707650766e-01
5.944728540090159497e-01
3.742150193152416482e-01
7.124582762007166670e-01
3.907994643509846155e-01
5.455095900480028126e-01
7.592849958693363988e-01
6.665400879448470928e-01
5.592605866629855038e-01
5.322257622298058877e-01
8.988723212436385834e-01
4.790640463348667666e-01
4.421938453236444189e-01
5.336652087833307911e-01
6.261855766216144481e-01
9.377655302998281206e-01
6.112668035467713201e-01
6.267883398842967191e-01
7.156491863404225162e-01
6.918620287511699773e-01
5.245772145805173148e-01
6.759132067148069245e-01
4.981924032923847334e-01
8.052735781192332798e-01
7.030983385802385133e-01
5.365683694001488480e-01
6.327212325276017069e-01
4.816412891444544209e-01
5.917412626835919509e-01
4.578711272735704330e-01
5.823182432769752337e-01
5.940715061465801083e-01
5.768781677321299650e-01
5.616029831292462804e-01
4.785280148977726355e-01
5.082348098883887610e-01
4.386510197149877111e-01
4.919251281852672353e-01
4.210501154376075639e-01
6.353697918592772220e-01
4.848956745250852518e-01
5.119992488522349117e-01
3.788490633489169368e-01
1.365355722266302640e+00
8.663127324934332130e-01
5.658584651724400949e-01
7.491673532112373968e-01
7.666941767114940909e-01
5.964721123572819250e-01
6.314638376649497342e-01
7.205767154083606574e-01
7.262575391465575514e-01
3.220034864997566859e-01
7.077450107981431149e-01
7.411497781156655140e-01
6.350338256580898566e-01
6.359844830502531243e-01
4.457674010240622597e-01
7.985565700824661661e-01
6.562633790978569248e-01
5.682452020448216512e-01
5.096069073421961582e-01
4.664779789818871980e-01
6.299598808331853261e-01
6.505707186064134673e-01
5.833203888994360486e-01
5.899095711760924399e-01
7.909739812280236482e-01
6.561938029305058873e-01
8.360154099199543776e-01
8.865825673563793030e-01
6.704561731933138535e-01
5.783249387632207750e-01
5.983530625751098952e-01
4.343204609315826081e-01
5.677904585715767283e-01
5.105832279497632964e-01
8.059602414346316301e-01
6.343964086833836502e-01
8.592521097547850539e-01
1.012519680684581092e+00
9.155998943237348975e-01
7.984016044550948932e-01
7.825254220798728566e-01
5.337943778489609992e-01
3.899079776635470118e-01
2.861562310064126868e-01
4.081025087203278834e-01
5.680268696609046541e-01
5.607759373889523724e-01
5.836421639162135966e-01
4.056548082679234946e-01
1.096765786186190583e+00
5.222185297510281154e-01
