4.060941097184088022e+00
3.774544817088509863e+00
3.709363414737246512e+00
3.821092461421430553e+00
3.618879880875129018e+00
3.566422547460074810e+00
3.846463062857459203e+00
3.738341140983661326e+00
3.769293513585869615e+00
3.597351675330214160e+00
3.589863710871791902e+00
3.599874047717291692e+00
3.778426428888836952e+00
3.491158224936768306e+00
3.677147824245264651e+00
3.653181521689055522e+00
3.750822847392929926e+00
3.623280539829971669e+00
3.543039010909057041e+00
3.475833977962991206e+00
3.762770009738931609e+00
3.635993747374870910e+00
3.702511713274566851e+00
3.563014323052688948e+00
3.710594356107949299e+00
3.582840835542100866e+00
3.749835448307111907e+00
3.825412126759426101e+00
3.800270713599084971e+00
3.606361013287959327e+00
3.671525204345524873e+00
3.506064815187619477e+00
3.487938198732994266e+00
3.620652935498521963e+00
3.849949712647684041e+00
3.661772105711935676e+00
3.605658288930573274e+00
3.576839371286689495e+00
3.691532062952496585e+00
3.674810637282240222e+00
3.568308315559141963e+00
3.625990174526677379e+00
3.672999006956885193e+00
3.395231224307516449e+00
3.402986228021993131e+00
3.381374373782837672e+00
3.658542641278664576e+00
3.470319612103362150e+00
3.589281650462619488e+00
3.769112025905132946e+00
3.618091988147319693e+00
3.594958921509927574e+00
3.598306276437913898e+00
3.670535862317170661e+00
3.680361320996193175e+00
3.544886455286280214e+00
3.527534291041597214e+00
3.363399389501991354e+00
3.638805714226476695e+00
3.676475857522574664e+00
3.541145222355193134e+00
3.621466500658812482e+00
4.155491074531482809e+00
3.825682280947012792e+00
3.591032189408088993e+00
3.794187037289887154e+00
3.611445577753733094e+00
3.472380315259946393e+00
3.675428542002879606e+00
3.548114268604698029e+00
3.681327630083113700e+00
3.376084371966488806e+00
3.542413658078781946e+00
3.519910231933481626e+00
3.725349353690607934e+00
3.583990042679082055e+00
3.628220212844599502e+00
3.681388635782038232e+00
3.734302053994870807e+00
3.712066491345591857e+00
3.723912627076979120e+00
3.610452521251924285e+00
3.523896919389214677e+00
3.584484548233807022e+00
3.707573672003336540e+00
3.685677205670871981e+00
3.990684207481260515e+00
3.725383208248626676e+00
3.735927677141779313e+00
3.545225940532845232e+00
3.574809901225576514e+00
3.702177198479260856e+00
3.596449599437129052e+00
3.795222992065678813e+00
3.509478879207654334e+00
3.649326225563874537e+00
3.667868609739275421e+00
3.636102109143028116e+00
3.553219253197477556e+00
3.523550298419406257e+00
