9.402952052350213030e-01
8.338190211141986996e-01
6.788900880074966171e-01
6.147079697451726110e-01
8.884246583659080043e-01
6.272520928873484003e-01
9.001995617325884158e-01
7.258463784076786274e-01
5.447784179296448759e-01
7.046713662814436674e-01
5.279875651418129978e-01
7.660339533399768142e-01
6.386765368357784078e-01
4.647701794360383221e-01
6.911112170174461555e-01
7.089912949457715108e-01
9.374624922052599008e-01
4.751040113697089784e-01
5.296976229570106165e-01
5.897419470392472052e-01
7.278191158247251380e-01
8.034697079639675499e-01
7.041874027835065553e-01
5.548111441097577368e-01
3.668203883633058271e-01
5.225340315123192525e-01
1.072961433379863605e+00
7.195572497594707739e-01
8.994834715362912680e-01
8.118785049199435111e-01
8.374083392919027258e-01
6.908519076777884793e-01
8.177683943642151121e-01
5.962016776654889272e-01
1.083184812194776470e+00
9.002937424663615129e-01
8.831669471223285717e-01
1.244908690370495785e+00
1.137871782767375661e+00
1.036544332983908800e+00
8.703672608342937211e-01
7.751563648730062095e-01
8.935483278094792370e-01
8.033248883171748567e-01
9.638230094357870259e-01
6.237822511479007570e-01
6.877496984750405273e-01
5.833547700989413221e-01
8.378324575494527915e-01
8.905546249871153508e-01
8.975779782232551351e-01
6.045742129243796281e-01
8.486812498971783025e-01
7.481493587675284163e-01
3.439177632344072033e-01
5.248564518764052833e-01
6.393109896982492879e-01
7.400786927207643195e-01
7.287008662115675994e-01
6.938144540831733265e-01
7.104038464107931272e-01
7.866816463392358738e-01
7.947022446477136626e-01
1.019401008816646526e+00
7.682087019212586743e-01
6.192005499647982303e-01
3.123766723346173002e-01
8.225872342212455779e-01
4.521302504535008593e-01
7.982359631960095347e-01
7.242187988413634203e-01
7.057806498779750637e-01
9.410118209144321400e-01
6.489542319916938862e-01
5.736192998543346855e-01
6.343616340187461233e-01
6.359532697678351720e-01
4.908150127341032176e-01
5.088509148518882697e-01
5.323127381351989706e-01
6.876422790456365730e-01
1.256204903858897159e+00
7.848536586604457632e-01
5.855141094461989715e-01
8.957419214138638841e-01
6.384759855737131007e-01
6.787231620063939319e-01
7.110649507721279461e-01
5.384988926108600360e-01
6.389882564341570204e-01
4.684668902552713843e-01
5.537979313111056623e-01
4.974895070725780521e-01
7.593619090700135521e-01
6.400173034250982163e-01
4.182028800377001754e-01
8.967069880931424208e-01
7.314186405851800243e-01
8.769627039233295340e-01
1.143302313985893548e+00
