7.088383093768272358e-01
6.032098097214415588e-01
6.393788268284539278e-01
4.999971938515088143e-01
5.806148778636073260e-01
7.353474252880159989e-01
1.146332982473742934e+00
4.496132954537755966e-01
7.721475161217511429e-01
6.351426743968485722e-01
6.818321983621017379e-01
9.181173006126350788e-01
7.632416063305922371e-01
8.118132333707489545e-01
6.970897677389819025e-01
7.535558151817912664e-01
6.677008876702908990e-01
6.493653399846542884e-01
6.931792117988416768e-01
8.245117699832110736e-01
7.643312245885772738e-01
8.523320110102403646e-01
6.778186854146150964e-01
7.271645905697742274e-01
7.739227098733796328e-01
8.551557933607191186e-01
1.159311821442434720e+00
7.478887468786846737e-01
7.150030968403304765e-01
6.129827901431813553e-01
8.127162547531388004e-01
7.521251115582960889e-01
5.979256753667534507e-01
4.497593892832186802e-01
4.120019484254356379e-01
5.451832444553657009e-01
8.078781258660565623e-01
8.610464685115234440e-01
7.219523669254414022e-01
6.153157038569448956e-01
5.417974369113099931e-01
4.792373125693052405e-01
5.051867371051016464e-01
6.656415718129916614e-01
4.180655931321217711e-01
6.946712984291421034e-01
4.760723336050163290e-01
6.078568151650449725e-01
6.342218968904026477e-01
5.916882995122798583e-01
5.536807758568825788e-01
5.300514321297463693e-01
6.517929603148305828e-01
7.116543209506076550e-01
1.154444579892549561e+00
1.079590532361642818e+00
8.207421666802032778e-01
7.596196886277640781e-01
8.676079825177946958e-01
7.704148811041543476e-01
9.915771536715828338e-01
8.923376962812673563e-01
7.648031263019049453e-01
7.553978536579966097e-01
6.260217129201586239e-01
7.413393269015714493e-01
7.838833048748621302e-01
8.539448446574836593e-01
8.017969744133343069e-01
6.892468965571666439e-01
6.263825802282143584e-01
6.984519021927421134e-01
9.832716478091106937e-01
7.152537089512588375e-01
5.704460507904854927e-01
7.651949268348600119e-01
8.507895236863073363e-01
7.503412001826679223e-01
4.945223038488686940e-01
9.789032182742430921e-01
7.498162784418954674e-01
9.295679445223421489e-01
1.036378568711766368e+00
9.399013293836782079e-01
7.050606842474999025e-01
4.224588427476607677e-01
8.782705613616387241e-01
6.566745986851633132e-01
8.429989974281569820e-01
8.358319182916795764e-01
6.215438174384243508e-01
7.057840450326330339e-01
4.431078026978300666e-01
6.025931311680913227e-01
5.346453527168719688e-01
6.482558733832380904e-01
1.009521652354978150e+00
7.113367367571442612e-01
7.307155737205750512e-01
4.454964725153006122e-01
