1.626154326155209606e+00
1.727637728430188924e+00
1.480155033043272228e+00
1.504735791684973067e+00
1.479073250640369430e+00
1.548707857519196818e+00
1.528153300078031629e+00
1.394563944800282895e+00
1.523692316364611221e+00
1.482831078706191130e+00
1.460671527388995194e+00
1.409020970012118568e+00
1.583945827957558006e+00
1.518301540006111283e+00
1.475568497558377601e+00
1.461569889645432552e+00
1.570035081629225227e+00
1.469383348830965996e+00
1.656049118749829407e+00
1.636758284203791103e+00
1.634438373624234497e+00
1.618752337401643704e+00
1.551918286527101953e+00
1.509126201296028702e+00
1.579043298771864556e+00
1.462906377204372887e+00
1.392017720340410047e+00
1.548551045741236809e+00
1.519721076098047297e+00
1.565494468085086410e+00
1.632056131071150773e+00
1.570261260537620274e+00
1.472864694616572656e+00
1.459717338517671825e+00
1.535580474922744187e+00
1.621250931319988542e+00
1.642827566598228817e+00
1.620391082718301234e+00
1.608931759280215701e+00
1.632902755242296555e+00
1.531488384777161205e+00
1.639218491150604029e+00
1.676012039253512276e+00
1.616825249938750986e+00
1.525916189588956140e+00
1.568620230949651972e+00
1.563571303597376616e+00
1.494013251510323714e+00
1.497905333003258121e+00
1.561717678132904075e+00
1.601299983784307379e+00
1.516551766748043040e+00
1.590456753606187990e+00
1.469981674750140854e+00
1.418593440807123907e+00
1.668394504172796555e+00
1.479882812986017981e+00
1.496518742767056098e+00
1.475496292377896035e+00
1.579264561927143262e+00
1.600223301318031366e+00
1.537049071363808306e+00
1.528405804431113513e+00
1.559932145655889446e+00
1.484782895289749494e+00
1.461624337889753100e+00
1.498387682869427806e+00
1.577043921112146085e+00
1.630348107935273294e+00
1.557699340032158819e+00
1.617812613291345958e+00
1.535596466975811092e+00
1.629945891001275182e+00
1.655118325762133580e+00
1.572819601641359588e+00
1.477836661646300342e+00
1.573597992331839723e+00
1.503565165271397053e+00
1.489197032881933058e+00
1.586080599860766993e+00
1.585798355354751887e+00
1.636381052364225930e+00
1.512154120727045026e+00
1.649456112737972546e+00
1.610123746339046980e+00
1.587622363788036672e+00
1.631373041859838890e+00
1.590841634397324178e+00
1.817790246941883847e+00
1.597710317722896400e+00
1.624704089893522774e+00
1.708879572030793437e+00
1.523488305463517101e+00
1.792178354327805812e+00
1.574327016938068535e+00
1.629036095028931985e+00
1.706376126245493507e+00
1.599614848130600731e+00
1.522562372916945073e+00
1.511325280221709644e+00
