3.623713169962972547e+00
3.839475995830983646e+00
3.503668569024503743e+00
3.606091199762242461e+00
3.551943457032508800e+00
3.605199741597319374e+00
3.533098368440855896e+00
3.665524641180662346e+00
3.613227807466608432e+00
3.620670058578880912e+00
3.664882266082569284e+00
3.502532625079209705e+00
3.691275306238618104e+00
3.732312698757706215e+00
3.439043645006152339e+00
3.547985047228193078e+00
3.421554626122297993e+00
3.628479253356128531e+00
3.509572896233043249e+00
3.610724306527052896e+00
3.515069057529550012e+00
3.778941479568495243e+00
3.709620264824972757e+00
3.502714385510927730e+00
3.418890866618377711e+00
3.476343045062832093e+00
3.593703079241778564e+00
3.590037986805612480e+00
3.522642493196531888e+00
3.540183327856305073e+00
3.570490377086883438e+00
3.703198919170029857e+00
3.784204646753573265e+00
3.773674558912595955e+00
3.540866028657974951e+00
3.467670177007546872e+00
3.519408307834306360e+00
3.730901703945699310e+00
3.857700748922030520e+00
3.618742619727618681e+00
3.706329397452846841e+00
3.565015744698523559e+00
3.529903204421073859e+00
3.755983902474870018e+00
3.648154024840081000e+00
3.710920910581045007e+00
3.700454572983939983e+00
3.484084967835801461e+00
3.621162869656958883e+00
3.879216222326018038e+00
3.601942614648521168e+00
3.540112556940658184e+00
3.760770638118309694e+00
3.464424926228371060e+00
3.496939104723386649e+00
3.530488354464156320e+00
3.682178516472193408e+00
3.669506737386295736e+00
3.591255197099799013e+00
3.642434743007285203e+00
3.870406644643612282e+00
3.488364136519979120e+00
3.598454400415009413e+00
3.574211643281057338e+00
3.772140678457066798e+00
3.430500685646916903e+00
3.677517369015407489e+00
3.359857794192834923e+00
3.555849744524606670e+00
3.509007021755017330e+00
3.701871277056156817e+00
3.680922381590621129e+00
3.549182071868074217e+00
3.509049834838902537e+00
3.538845884002081998e+00
3.482765900523867586e+00
3.603672785115931809e+00
3.791104876028637438e+00
3.677634496373817896e+00
3.546537015314104035e+00
3.436697530024238834e+00
3.572635278185541718e+00
3.453586669492246575e+00
3.518042431403620718e+00
3.592556206634891058e+00
3.612458563454561844e+00
3.750338221857775878e+00
3.501448031511409376e+00
3.608582308593926147e+00
3.619739094452636863e+00
3.531664409564862162e+00
3.555033954446936928e+00
3.807512679105416797e+00
3.743075848563603980e+00
3.596546674882478367e+00
3.508104008349533398e+00
3.595909583692550537e+00
3.628226374274437394e+00
3.947789002864845465e+00
3.495520188198217859e+00
