3.416350988248861853e+00
3.606424583268848849e+00
3.651274549549933024e+00
3.495820306971520797e+00
3.483696562064586555e+00
3.440033286107963661e+00
3.752225337188219711e+00
3.698402025814015115e+00
3.664597207035576343e+00
3.486934149225042745e+00
3.473846007970147198e+00
3.422217803100366496e+00
3.650041723552366335e+00
3.546982148223320586e+00
3.545172037014826305e+00
3.689502232607518195e+00
3.666909534793769687e+00
3.667356976044191974e+00
3.731014706588152041e+00
3.614734502270496197e+00
3.571699919186584360e+00
3.765832855086114872e+00
3.738018962225606590e+00
3.824852463919068857e+00
3.698864914544442328e+00
3.718767016654747071e+00
3.652719299730235569e+00
3.699283793394093411e+00
3.883019821548347572e+00
3.494994965587141067e+00
3.623804518490858939e+00
3.596421985220797257e+00
3.620470545843365695e+00
3.916751750261815435e+00
3.633164861008980839e+00
3.514885382151580639e+00
3.661603782126591433e+00
3.638251258613781847e+00
3.718383826618454346e+00
3.593699101921443262e+00
3.595379579946549331e+00
3.681630955351074430e+00
3.663713755376272196e+00
3.754837980961155175e+00
3.586411949738293803e+00
3.530956643776016701e+00
3.603009923097376888e+00
3.790796016754740982e+00
3.670789050965015843e+00
3.690010239474367459e+00
3.607341781573564443e+00
3.741397833870469647e+00
3.620944535982577150e+00
3.351732235701843088e+00
3.798611516169773328e+00
3.628043241341409875e+00
3.537720680325124878e+00
3.554882783844597327e+00
3.491889167605811473e+00
3.601967432928149471e+00
3.526180018981879272e+00
3.548072800621516532e+00
3.837542166363432372e+00
3.507735091425900009e+00
3.465652641764559228e+00
3.550115366997622868e+00
3.716774618347977732e+00
3.505877878254320290e+00
3.680965041334651300e+00
3.592623696118251608e+00
3.520757412093648231e+00
3.615592659179167612e+00
3.507179780747650799e+00
3.552291734230588638e+00
3.667086389669129698e+00
3.596049644142973456e+00
3.792414684437333428e+00
3.624999280543204527e+00
3.428353427469207571e+00
3.559430146405194950e+00
3.615495806565490522e+00
3.475871621767791186e+00
3.511364908505756777e+00
3.551873477197134754e+00
3.539984453614559268e+00
3.586840362575320462e+00
3.581298226530054585e+00
3.713289135996661106e+00
3.522430724894301424e+00
3.528639535121452564e+00
3.707180319430360083e+00
3.525496748995959440e+00
3.612943737653558696e+00
3.878745512964701270e+00
3.717821044133045039e+00
3.487925784532837969e+00
3.802654290221210154e+00
3.590784613365090472e+00
3.794401470117939379e+00
3.461562949076906204e+00
