8.761278901384660367e-01
5.223255783169429289e-01
4.522116187498703144e-01
7.582635509237316551e-01
7.456880944759930463e-01
5.304926471841737712e-01
8.845777978155406895e-01
9.339640765413422807e-01
7.208299837743938898e-01
8.826246845940708408e-01
8.367790815723903375e-01
5.891980730673881395e-01
3.771373577737864302e-01
5.548359861495422152e-01
2.680643062529878273e-01
6.329505015036928084e-01
6.054732569233736150e-01
4.716997401284157565e-01
6.653842351613911132e-01
6.605051293456354333e-01
5.569256158752775576e-01
8.132456303928892183e-01
5.736934052313339416e-01
3.288135021908046851e-01
6.442347910377453912e-01
5.321401229509986619e-01
8.019487731830705624e-01
9.246680527528700066e-01
9.139803342658877616e-01
6.550300142732508046e-01
5.777870865055382277e-01
4.369351239640160145e-01
9.509978719525703506e-01
5.979763875804264828e-01
6.514624846053060914e-01
4.975414789982545716e-01
5.103107752470260605e-01
1.014577639768908579e+00
7.169006481557579358e-01
4.722561347940192333e-01
9.832996109805618445e-01
5.961313182385161724e-01
7.096336019739033496e-01
5.727577322078781785e-01
7.085892940148208474e-01
8.334405373298393593e-01
5.957345001573725041e-01
9.339943595548302335e-01
7.710694168516185609e-01
4.516304630776283857e-01
9.173341801654670835e-01
4.611550090502976595e-01
4.685315657532500011e-01
8.468881094473067472e-01
7.673224471829818150e-01
7.380849722974446303e-01
7.837325744875481837e-01
1.001675828906994470e+00
5.639113774268953438e-01
6.487583263823009094e-01
7.199536830766956053e-01
7.545269829538610029e-01
6.186764227456116316e-01
7.651877271367077959e-01
8.888139393315996895e-01
8.436448145850248270e-01
6.136210351968577337e-01
6.208396632878167010e-01
8.352068682199801364e-01
6.554142253936044993e-01
8.982999337671904172e-01
5.608304095591203353e-01
7.673291232224278557e-01
7.255545733095929428e-01
6.490826149481369045e-01
7.799872104174307985e-01
5.354963689597873611e-01
8.078199237981417147e-01
8.798917582380203495e-01
8.821663312792294986e-01
8.462842948895390460e-01
8.729961313782054200e-01
1.084843187445361234e+00
1.194052161562952463e+00
1.111416294615566347e+00
8.595642421957760959e-01
1.310967511973118338e+00
1.353901795649289141e+00
1.352541487993129232e+00
1.150205950244691078e+00
1.051016535185896661e+00
1.243221131734888463e+00
8.576650171915829457e-01
1.049811139554167161e+00
1.226276723993704687e+00
9.032326590573155345e-01
9.192434709094354783e-01
1.034187927851065059e+00
9.771379337159321610e-01
1.069538767871197837e+00
