1.419820638626221099e+00
1.291597583596030274e+00
1.354394144280445023e+00
1.434447892673254010e+00
1.371363526434569158e+00
1.320596252171228002e+00
1.496203664651788223e+00
1.448721882187634646e+00
1.375701145856934371e+00
1.261451442554302638e+00
1.309462712839748910e+00
1.282874313957406587e+00
1.344837187038981252e+00
1.389667220433964179e+00
1.357179833881485109e+00
1.310425081261782143e+00
1.415616048364009893e+00
1.360170901196041227e+00
1.323397123910445838e+00
1.408220950691822626e+00
1.424606133759839910e+00
1.498742911706499648e+00
1.444757962498408377e+00
1.599779426051223252e+00
1.528976598998920133e+00
1.348083125067393695e+00
1.371732787421976241e+00
1.617976649172005787e+00
1.596311914439429547e+00
1.426885560873357495e+00
1.628775437915567004e+00
1.470035020428943628e+00
1.438052594920033789e+00
1.429037536539675246e+00
1.507499897717260673e+00
1.509462464301997375e+00
1.560840924363953164e+00
1.622037185388913727e+00
1.536142837037617781e+00
1.529651636041369667e+00
1.673372708556567945e+00
1.595364424433920014e+00
1.654727158792548947e+00
1.456569504970883999e+00
1.455954377754420381e+00
1.569503540669226149e+00
1.528260355944710103e+00
1.559219349557287249e+00
1.400855872238964572e+00
1.489312070210278671e+00
1.689471587290106935e+00
1.533776241251610495e+00
1.636840068766124423e+00
1.560206233520680552e+00
1.554081111620562172e+00
1.510467952841189954e+00
1.490403767037436156e+00
1.650417912540785181e+00
1.493537813091695643e+00
1.680245918412168749e+00
1.546674949541742228e+00
1.729624343255540264e+00
1.828375685578483845e+00
1.786350349227045164e+00
1.723993344149818752e+00
1.994031772248933798e+00
1.661616077852714923e+00
1.685388205487124980e+00
1.588913965065940292e+00
1.533097359765184242e+00
1.633385731313488298e+00
1.536651399540594598e+00
1.685858511065209564e+00
1.622649453045416301e+00
1.708824286479011301e+00
1.979313991721933119e+00
1.741058446464851750e+00
1.752850218383457115e+00
1.595318662746019411e+00
1.687312866253135368e+00
1.591857584745819398e+00
1.783611614564151626e+00
1.781324956591555209e+00
1.951468302637159535e+00
1.945251048158557650e+00
1.995291070442394066e+00
1.799653656260057133e+00
1.893600256215381084e+00
1.885125619331914137e+00
1.805755261216425378e+00
1.770076110349393161e+00
1.775259544028526593e+00
1.663670746606533690e+00
1.767673243636024294e+00
1.813487890449682949e+00
1.682200963529020266e+00
1.613633905849950256e+00
1.699933544145257214e+00
1.610486859116219582e+00
1.611864925635124068e+00
