1.769624283214466631e+00
1.662500599195334328e+00
1.723404385069925215e+00
1.715784636283835818e+00
1.500553744379998777e+00
1.485213785075318427e+00
1.478175352138720866e+00
1.517570829442151936e+00
1.803307769952040784e+00
1.707352968735869503e+00
1.664341057177215033e+00
1.921792889374111191e+00
1.861115627931052119e+00
1.735213375295072913e+00
1.846446885468480126e+00
1.857467961963209513e+00
1.941796639407722624e+00
1.816750901753757308e+00
1.624520899437782218e+00
1.636923235672921528e+00
1.567662234209004524e+00
1.579201647403620790e+00
1.508104010215397528e+00
1.620706566561194606e+00
1.646589445407808272e+00
1.655335209233316007e+00
1.677837222119173743e+00
1.742795333477538344e+00
1.850404975497706550e+00
1.806104436491996479e+00
1.905018138962939256e+00
1.992961928317632747e+00
1.612795184874276533e+00
1.869747936343196359e+00
1.880765500391712308e+00
1.777127904378640100e+00
1.978323735299514441e+00
1.886276988354276485e+00
1.997183858447731053e+00
2.103507354207649893e+00
1.696773222181009455e+00
1.793437356139421901e+00
1.983497272721789439e+00
2.010887855918255696e+00
1.912887916306005076e+00
1.727856260098194152e+00
1.948615760456787305e+00
1.902399834261066625e+00
1.978046728199095661e+00
1.865140706357802269e+00
1.836477090289790670e+00
2.217664734696273232e+00
1.966628703074202900e+00
1.936136214778827913e+00
2.177432949154201047e+00
2.159495078237524623e+00
1.963545270578286983e+00
1.847070637546458283e+00
1.943316603212541516e+00
1.832790698011918407e+00
1.920770590004087897e+00
2.027423088091979242e+00
1.884895111438922077e+00
1.832707609210893818e+00
1.845734794018188740e+00
1.733315716876882684e+00
1.963387782343876120e+00
1.979450100756502628e+00
1.981318426684928857e+00
2.061771516455487063e+00
2.060131688699085029e+00
1.793602680026966656e+00
2.009150656742093588e+00
1.809621344148330424e+00
1.977851691304331361e+00
1.889257450263125193e+00
1.715303588663690926e+00
1.645415401595415883e+00
1.768551084381184912e+00
2.007440645646984212e+00
1.703207855357423250e+00
1.812320219275202593e+00
1.676206102598016612e+00
1.932797161650841478e+00
1.877227569274188212e+00
1.981550758898686704e+00
1.779316392793722779e+00
1.779416792343675446e+00
1.728926829095421613e+00
1.934425822159393071e+00
1.871607484777326080e+00
2.185692190812051905e+00
2.412992535074644174e+00
2.272513485543195433e+00
2.277356072607315873e+00
2.233689368918834184e+00
2.219562949154568976e+00
2.301875479891632104e+00
2.385725630853525736e+00
2.301039320982228631e+00
