1.536409461127631104e+00
1.722216259769429048e+00
1.728429629869492112e+00
1.579948645590806722e+00
1.621209512103368500e+00
1.560348104757298238e+00
1.670493433094441427e+00
1.627584070401083105e+00
1.460207217137151625e+00
1.625201769114942740e+00
1.550437485920323155e+00
1.735625560415963609e+00
1.668841888661721784e+00
1.533191792894698091e+00
1.590281843033537035e+00
1.512811789564572962e+00
1.580361345003570284e+00
1.674161601198721039e+00
1.616909982721864703e+00
1.631549044923097158e+00
1.613769806922226380e+00
1.702005947058343960e+00
1.653342047458693509e+00
1.617503941338561679e+00
1.728475470252694546e+00
1.687868244243549309e+00
1.616105488229092169e+00
1.670416907341932600e+00
1.614175616691256865e+00
1.649841074436078525e+00
1.523768695146906715e+00
1.486744056496456468e+00
1.652439841719082869e+00
1.741299777348708444e+00
1.652987284588220307e+00
1.567405034019954568e+00
1.605893792053827429e+00
1.505612518732669436e+00
1.525720915937117228e+00
1.635550993475979098e+00
1.694286756694017626e+00
1.614413019363724500e+00
1.570149000368471270e+00
1.597943485993802870e+00
1.575190419421830468e+00
1.657374367965573692e+00
1.689887869744704840e+00
1.623394271634500452e+00
1.621693979304336120e+00
1.518454945795328692e+00
1.645391393594344498e+00
1.555536764991596987e+00
1.524751249240151596e+00
1.725115512474776347e+00
1.672291022189169141e+00
1.524835694231358119e+00
1.704686912292976642e+00
1.606576360095149258e+00
1.649563794150452845e+00
1.710883671189724398e+00
1.750203222970776018e+00
1.648798771321496437e+00
1.636181253760426779e+00
1.650327398663505640e+00
1.666400347979722696e+00
1.642876640569877589e+00
1.569590122189354675e+00
1.684234848431956921e+00
1.518532697880068616e+00
1.687216699318553115e+00
1.583743361157163632e+00
1.588344860025057148e+00
1.576602756290956586e+00
1.544814917482652650e+00
1.624588014450624840e+00
1.538371951013807415e+00
1.562642192981629874e+00
1.779877563031486032e+00
1.623907826102184426e+00
1.657360040380464472e+00
1.678746072376300358e+00
1.542000409732733779e+00
1.555165351935191564e+00
1.591795630326958921e+00
1.495688662921066170e+00
1.517230666184768317e+00
1.624415478844601690e+00
1.713979838040554426e+00
1.809705241208718673e+00
1.623876267467486478e+00
1.777363907233848961e+00
1.675189195366719064e+00
1.666773584189402024e+00
1.770333446989177606e+00
1.705543893189084059e+00
1.635249124911086316e+00
1.613129450554457778e+00
1.599217019123905681e+00
1.523631941045640703e+00
1.552776619946476089e+00
