3.669905702109202750e+00
3.766788726273127441e+00
3.645161664819252412e+00
3.526060890195139574e+00
3.694723519024679881e+00
3.637113496275178992e+00
3.499577703441283383e+00
3.663827489137382543e+00
3.549235260169178563e+00
3.725955407493777738e+00
3.568645589230715398e+00
3.790204146550483877e+00
3.620740346723786196e+00
3.521199393931197186e+00
3.442193657799181405e+00
3.655906443347233026e+00
3.555555293082759860e+00
3.672067183129609003e+00
3.595025231914975805e+00
3.677638298898012525e+00
3.609429553934750956e+00
3.587952728181393880e+00
3.605159499694008840e+00
3.607010170319696396e+00
3.598431596422658085e+00
3.748370118941950935e+00
3.741547265636662178e+00
3.780680198141217030e+00
3.691532664160792621e+00
3.754697282749592357e+00
3.634175133115911116e+00
3.633673326595669106e+00
3.625300834304747699e+00
3.474269807510904862e+00
3.532109716827898538e+00
3.804754032357184901e+00
3.571812437278898411e+00
3.504969108238912501e+00
3.466210842569934059e+00
3.561861151984051510e+00
3.809168589003085081e+00
3.420680291963068775e+00
3.501850369028297827e+00
3.689546633354271243e+00
3.681626488970479727e+00
3.530731147932371528e+00
3.592031668635907948e+00
3.594807155719047742e+00
3.752516949381998757e+00
3.675685381096001070e+00
3.781805881047825668e+00
3.611139876160026407e+00
3.634928018274584005e+00
3.616634856442944912e+00
3.853421673515557977e+00
3.621365602955753715e+00
3.680390950568522168e+00
3.678052336217944251e+00
3.590398038124261948e+00
3.413399861157855764e+00
3.562161999426162851e+00
3.614209346490495189e+00
3.619463845403468660e+00
3.742991206152762373e+00
3.612644693911114313e+00
3.561091926050568901e+00
3.415566374874508870e+00
3.595857007113831383e+00
3.632697040799786947e+00
3.610148422249181088e+00
3.699078948882970508e+00
3.589568180603731395e+00
3.592336325930285401e+00
3.673124920124103632e+00
3.853765740709413912e+00
3.675249772886562738e+00
3.723537872066123189e+00
3.537756895481082964e+00
3.450503970195317294e+00
3.577486625708491186e+00
3.664831953516460850e+00
3.599566784522798102e+00
3.573035367750661884e+00
3.681505339626862217e+00
3.962171118933556446e+00
3.719352916706545109e+00
3.545408783522581597e+00
3.540197548200194611e+00
3.770794364275293908e+00
3.596952885561219393e+00
3.477842929156685248e+00
3.546987825196867394e+00
3.655079343366721911e+00
3.721592604419690531e+00
3.718376873332307486e+00
3.636925201088851534e+00
3.523263546005363178e+00
3.650756643238333154e+00
3.707144996482816257e+00
3.540172012993644479e+00
