1.563630558367757661e+00
1.640642063856304400e+00
1.583353774605879449e+00
1.483450929298346654e+00
1.510898025113801779e+00
1.522140037939391011e+00
1.465221860502895268e+00
1.444181804589921292e+00
1.460089395605483231e+00
1.496663289204941627e+00
1.642925303809204651e+00
1.534861427549170321e+00
1.504585619212260195e+00
1.507483342249504421e+00
1.520974534918233312e+00
1.645213666762210813e+00
1.525268521529177246e+00
1.568265674832547196e+00
1.545787009063606110e+00
1.465846533893526926e+00
1.627681986552755422e+00
1.586214271602377268e+00
1.640924875600411781e+00
1.594881697917714281e+00
1.591218773354451832e+00
1.656082605596120194e+00
1.507023444849957317e+00
1.642941460402641329e+00
1.619306406009832111e+00
1.593102531094736429e+00
1.497977668708726506e+00
1.498608338687122732e+00
1.535264686112310262e+00
1.611287346879462401e+00
1.797055848975764869e+00
1.556168123935488534e+00
1.511548320217991348e+00
1.548869258960550610e+00
1.496398498036063618e+00
1.478180976174967576e+00
1.444390867867719086e+00
1.472074345839697873e+00
1.563440684786775003e+00
1.479341248177762580e+00
1.680304098572402260e+00
1.693633789696340930e+00
1.664128714728823732e+00
1.637475347112913759e+00
1.722047841886885422e+00
1.538152012229986321e+00
1.712543988349228830e+00
1.888553654078655608e+00
1.748300151241375389e+00
1.598842990997241476e+00
1.624806147597328776e+00
1.801215968857689198e+00
1.666700307471152609e+00
1.672683678685744191e+00
1.654651573098758988e+00
1.609677605094465669e+00
1.854645523741589974e+00
1.847286829273073527e+00
1.637314821812442700e+00
1.577520481265338947e+00
1.542177129853081974e+00
1.612692424567718996e+00
1.595515947985076677e+00
1.797024123914639171e+00
1.706128393416754152e+00
1.420237072824088731e+00
1.533173599013206490e+00
1.574418653152662495e+00
1.562963560770972204e+00
1.571807071857356464e+00
1.775287327841395202e+00
1.815090143254336263e+00
1.623149983627135029e+00
1.778536321425304711e+00
1.642729915489394621e+00
1.706921789245083199e+00
1.541790395418448423e+00
1.522865273897201943e+00
1.876998058115569412e+00
1.705228583224755567e+00
1.745002162946496460e+00
1.787567409824104558e+00
1.790760820808786402e+00
1.781413473722901486e+00
1.655229905043064553e+00
1.715012730861596557e+00
1.794747032953691201e+00
1.702110832573642041e+00
1.739349199852806338e+00
1.623140618813539993e+00
1.708383840641551021e+00
1.714487919554308570e+00
1.761138128561482441e+00
1.757894513246067936e+00
1.663758292606475786e+00
1.507285457944999463e+00
