1.622498620554441162e+00
1.596405159650236882e+00
1.561876567813404781e+00
1.638270522191595413e+00
1.756781894688175694e+00
1.736933418177923460e+00
1.776218079659848792e+00
1.702499835983194432e+00
1.656241072571247974e+00
1.619613246655317695e+00
1.614883968460520736e+00
1.634826017900977480e+00
1.530123981727648408e+00
1.543530368977201972e+00
1.774427341914084355e+00
1.718132800541394278e+00
1.686325269535568605e+00
1.634392613109037162e+00
1.610292388693364218e+00
1.508231911415685245e+00
1.595971949091446351e+00
1.424782778109643155e+00
1.585025873294338528e+00
1.642043717269609404e+00
1.629097971700264047e+00
1.686823129710236069e+00
1.642739008955443669e+00
1.654082932777235060e+00
1.610366307656127205e+00
1.685927904828239843e+00
1.739043014301310919e+00
1.643510578731289584e+00
1.627864173053902519e+00
1.702411920750594776e+00
1.736541336983350892e+00
1.613695286289717146e+00
1.741937242949588072e+00
1.818302023859762029e+00
1.802670517338970324e+00
1.707159426359560639e+00
1.731911384048666847e+00
1.710588781364429600e+00
1.820283611342281338e+00
1.579560953415135138e+00
1.579359805655863536e+00
1.710933495089182133e+00
1.699976277650065759e+00
1.598694331032515903e+00
1.724762500724069225e+00
1.667881518988889589e+00
1.766899113535044030e+00
1.740957679173386063e+00
1.754657782934573751e+00
1.723084684144706058e+00
1.808647716860099175e+00
1.894967718388718136e+00
1.894688558887623220e+00
1.747020088031940643e+00
1.899246126363939302e+00
1.617923094137622142e+00
1.703671200588751988e+00
1.767941674266213958e+00
1.725092457301018012e+00
1.644617763309893732e+00
1.569494098321689846e+00
1.628217756045786668e+00
1.566730322463271818e+00
1.615338138670484369e+00
1.514764630154564751e+00
1.567825023563332421e+00
1.591318675553394346e+00
1.523128008576985382e+00
1.620395344957685113e+00
1.417377463158737694e+00
1.535773952230046646e+00
1.592726982875912745e+00
1.658538695615412006e+00
1.636017100373934774e+00
1.802522378757124510e+00
1.763117758226085963e+00
1.606566973328285686e+00
1.756483758761620217e+00
1.655247885334578228e+00
1.630373749713714959e+00
1.658399085740432266e+00
1.665539844986768214e+00
1.537611881332122676e+00
1.534904373188927362e+00
1.606102896102883149e+00
1.675510805069193587e+00
1.617981825259551254e+00
1.721917260182793896e+00
1.657572032131449324e+00
1.627883394742201340e+00
1.600439637888067645e+00
1.645447321523556772e+00
1.703662328970673157e+00
1.603372006956250706e+00
1.608205813921620875e+00
1.678232881245345975e+00
