3.618131004620075419e+00
3.665940522114824685e+00
3.497410685605944369e+00
3.611181490512957115e+00
3.576122227546772336e+00
3.397710412689944892e+00
3.515130669062223490e+00
3.503348957908113626e+00
3.444901088220591490e+00
3.583375803405759896e+00
3.496354045643971009e+00
3.724308821464804353e+00
3.695798905969194692e+00
3.651228380174451171e+00
3.722151065269196479e+00
3.479899500184196359e+00
3.630818302309937184e+00
3.534896749048888065e+00
3.584833972175287098e+00
3.595492089155607474e+00
3.485607223539981092e+00
3.590714073207546875e+00
3.484001093566727825e+00
3.517525255864525136e+00
3.583354524186843637e+00
3.422692529304430131e+00
3.593465210729217763e+00
3.581420952512683886e+00
3.613565077155643568e+00
3.635068002423816225e+00
3.721617693245016678e+00
3.566223828396265727e+00
3.603954989811478882e+00
3.812044114460657607e+00
3.525709161682133885e+00
3.606891791851852602e+00
3.592094222563032790e+00
3.544391017057030968e+00
3.641542063395575290e+00
3.544753637887272379e+00
3.539010043221352930e+00
3.390001382469685964e+00
3.599418507947594659e+00
3.533464350007476718e+00
3.590779709937885755e+00
3.460516592875491515e+00
3.571146723140628421e+00
3.499664880108079856e+00
3.584966556459232123e+00
3.608200036753508311e+00
3.486895665571362546e+00
3.466163372981756474e+00
3.584905722945440854e+00
3.635883121584530642e+00
3.717253453629648874e+00
3.626713738306744705e+00
3.545247564802768370e+00
3.528122477349725283e+00
3.543002020249719664e+00
3.529470943574319897e+00
3.601298015706981825e+00
3.642369818124436165e+00
3.522194923390288501e+00
3.538654027417107439e+00
3.594617667915107173e+00
3.613468510156661928e+00
3.504239224425286015e+00
3.508496741039343281e+00
3.656341008284950345e+00
3.651527667259630849e+00
3.592351375916932099e+00
3.478257449577093929e+00
3.566293791412658898e+00
3.525584715160058558e+00
3.405705313045095384e+00
3.501688938513118465e+00
3.683901244287829613e+00
3.532519956587456100e+00
3.533935842988086495e+00
3.601489245520328897e+00
3.731074132127966791e+00
3.534372628091490220e+00
3.592805253856559577e+00
3.613300091607352549e+00
3.525772602661849664e+00
3.517372352278474779e+00
3.568474687647082533e+00
3.679843210581785318e+00
3.492937948876162935e+00
3.637470328957513210e+00
3.666516880721081950e+00
3.459767416022140107e+00
3.618853422185650537e+00
3.678114805100886731e+00
3.705891006831913526e+00
3.529739268844114264e+00
3.739443876225669872e+00
3.612327832065323818e+00
3.540157464012764876e+00
3.698104406294967283e+00
