1.834552753737560327e+00
1.877539739041765854e+00
1.836290724362594773e+00
1.644762310044573406e+00
1.836094853145527228e+00
1.791638073539874476e+00
1.946502054214169330e+00
1.769049726842471637e+00
1.805659234182417361e+00
1.865605806673199085e+00
1.786283557814389855e+00
1.926084832183916573e+00
1.890997749536054373e+00
1.918674978684586030e+00
1.834067884481249466e+00
1.887370227932224198e+00
1.915538991520265411e+00
1.827467331619052171e+00
1.781255066416008281e+00
1.961392697789870132e+00
1.966385054605332527e+00
1.990063339125063724e+00
1.827517612395888724e+00
1.920177650953185822e+00
2.050979476114533906e+00
1.911993020379521235e+00
1.977383064218366737e+00
1.934316969480301962e+00
2.058441678506361061e+00
1.989842779618790969e+00
1.780543158010293947e+00
1.979668044803605476e+00
2.200237546294755653e+00
2.028627486257860379e+00
2.054936257053636250e+00
2.023833517439743712e+00
2.014536982980855040e+00
1.835432519112299321e+00
1.904067879891417459e+00
1.996059881144454096e+00
1.844341102179589020e+00
1.960123462078299461e+00
1.797473471886057439e+00
1.832854415578401897e+00
1.886103644002122603e+00
1.911625900724114091e+00
1.818208235893193914e+00
2.116207310548591902e+00
1.778414728761952057e+00
1.935941255312208842e+00
1.720621679628778100e+00
1.826839809148517180e+00
1.808085964777697896e+00
1.916505401682475851e+00
1.872261861111163883e+00
1.713370836985905088e+00
1.859762451912210457e+00
1.793258035856097665e+00
1.682255109883811217e+00
1.720969783922768892e+00
1.630597825634483522e+00
1.672424027159405080e+00
1.787697495652118551e+00
1.759815519075787371e+00
1.754281924947125981e+00
1.808052202663852359e+00
1.813142187841870756e+00
1.905812114614327424e+00
1.833464089661485774e+00
1.797068414120656987e+00
1.882182906357811492e+00
1.821998389749650338e+00
1.623922100060355866e+00
2.102684731676357721e+00
1.836805982903116918e+00
1.913395206226174761e+00
1.874784592178351472e+00
1.898624195896109201e+00
1.856795931963920454e+00
1.998009887550206143e+00
1.780733217434004478e+00
1.838662154460548370e+00
1.817977383389935975e+00
1.789779311167599030e+00
1.824363613366013714e+00
1.953907902855330114e+00
1.762030374830216184e+00
1.862317610939649759e+00
1.737075444875030295e+00
1.745627630235510930e+00
1.890138176101012091e+00
1.817039176904864162e+00
1.981279407225202238e+00
2.013884508292194564e+00
1.846805209448449947e+00
2.103137690148019878e+00
1.928659380204102103e+00
1.912631134053680793e+00
1.978699612702275124e+00
1.829321428560319429e+00
