3.666591138302658148e+00
3.647826999109742729e+00
3.546032278061631349e+00
3.499969515633795769e+00
3.430208166742081399e+00
3.475330938365653655e+00
3.642068532464040054e+00
3.738705279609525256e+00
3.654575033164213504e+00
3.962626467565515398e+00
3.792315616473638240e+00
3.562490141075027594e+00
3.552085386277451295e+00
3.646717611095156020e+00
3.631716118523816483e+00
3.643751872385531776e+00
3.682207296029946342e+00
3.625360260838093041e+00
3.774441905509999806e+00
3.538515282256473604e+00
3.505745646359959888e+00
3.764401929455775342e+00
3.509897275571209452e+00
3.668876650973527109e+00
3.787644574960101096e+00
3.676593424453466596e+00
3.556430556214518646e+00
3.532671511692198507e+00
3.604668881609452313e+00
3.639859385537650649e+00
3.693549977627716085e+00
3.563711594550682538e+00
3.580775969069454057e+00
3.623051021755820944e+00
3.649755268552977050e+00
3.717605636643356970e+00
3.906737179130553184e+00
3.645827088450509290e+00
3.531906651716214984e+00
3.613241959912786960e+00
3.440132270764170830e+00
3.688268319886807145e+00
3.550436677345455205e+00
3.597420446109449887e+00
3.631176988226425539e+00
3.720687131641232437e+00
3.709575009992258199e+00
3.657732445641154850e+00
3.732451612039614286e+00
3.565369267440368528e+00
3.656654254111007862e+00
3.737162530590178111e+00
3.576028743467181137e+00
3.577758759478794293e+00
3.441167851126453847e+00
3.394354741649621143e+00
3.587529905684551768e+00
3.691079688272419723e+00
3.470634261823052569e+00
3.508733125998102498e+00
3.630789287297007562e+00
3.531746950878334790e+00
3.520943531746944188e+00
3.533818231739173754e+00
3.592775316832015786e+00
3.699821766418439850e+00
3.794520651394879263e+00
3.571753779141459972e+00
3.459996647664630665e+00
3.677117265672320556e+00
3.494442620459267790e+00
3.681071293408133105e+00
3.588667193289072355e+00
3.760844084044107749e+00
3.491068357279238477e+00
3.604702602244286069e+00
3.454973866486088951e+00
3.472783859728987288e+00
3.766281769421821579e+00
3.454604820703001788e+00
3.745114331861356671e+00
3.349358196533640086e+00
3.794827961161888030e+00
3.722700140740205388e+00
3.546506653866452918e+00
3.548765546316538178e+00
3.553651896612662231e+00
3.550542847041835870e+00
3.747252208054949296e+00
3.456841615605924734e+00
3.491712196372420696e+00
3.436953186266033633e+00
3.636285492141010156e+00
3.582653414440715611e+00
3.514496128294705812e+00
3.523147998304452244e+00
3.718143430081120471e+00
3.746416761344798285e+00
3.645243562094216738e+00
3.760782649669464295e+00
