7.313581263594047810e-01
9.875137509772877742e-01
7.805065757581067798e-01
9.606999928841027936e-01
9.132180591178029605e-01
5.406718246124165850e-01
9.268492830569986518e-01
6.491962601335842242e-01
8.674044152069064761e-01
1.125248957223949020e+00
5.657652828151458202e-01
1.214668428674458234e+00
9.474316845861360248e-01
7.547030763753539429e-01
9.980165623141213915e-01
1.458811467420414454e+00
1.392788912084111708e+00
1.163997172546425540e+00
8.059745203099908384e-01
8.453599324891289957e-01
6.879880537965568088e-01
8.309592214907844943e-01
7.455643717580247021e-01
8.629609045238603171e-01
7.666021834734734197e-01
9.818586257424941621e-01
8.199401108184618536e-01
6.915243281247704932e-01
1.017034170211706279e+00
1.231881704573714265e+00
1.014795501779573561e+00
9.892155715124956172e-01
1.583057777793200449e+00
1.183777815148904677e+00
1.186312988304821792e+00
8.639008671311839693e-01
1.312931388898115781e+00
7.644744128116010007e-01
1.222399500016707163e+00
1.184785296348379147e+00
1.083888750545125346e+00
7.957137378599968836e-01
9.257640105668611952e-01
1.068487190719674906e+00
1.008300726541862424e+00
9.732654332711031531e-01
8.412241433652888345e-01
9.596128182850590660e-01
1.149193660492773272e+00
9.543186845134081775e-01
8.150706673769829713e-01
9.001655683753191362e-01
8.731364850099386787e-01
5.976973449934271931e-01
8.252302344338545703e-01
1.033968994435747746e+00
5.681765220405264882e-01
9.368713715193850433e-01
9.709481950220165691e-01
8.983578981112783080e-01
8.111825733523616577e-01
7.804154496669182262e-01
7.922784328470652282e-01
9.199076708186602058e-01
1.059597122483696641e+00
1.044789050476563119e+00
9.963046472720076263e-01
8.783747125985248427e-01
1.277685104538274441e+00
9.769066280653003753e-01
1.133991908699286233e+00
7.602141712384610228e-01
1.209970281557211536e+00
9.971835850030231763e-01
1.143860758820453682e+00
1.193300431212145352e+00
1.156154360909139811e+00
7.698404720962658265e-01
8.805246033178066867e-01
8.140444046013826096e-01
1.052661997809359429e+00
7.983362449449905585e-01
1.099300680992382873e+00
7.647726972261347234e-01
6.041571076324044887e-01
9.560546949491112168e-01
7.554974047951926730e-01
1.065669072525050165e+00
9.766198953691024309e-01
1.251230760857039215e+00
8.831037869248373751e-01
9.205887696217248672e-01
9.595510836407050714e-01
7.249850358943551454e-01
1.054550829924577826e+00
1.093699890706035793e+00
9.869997640160683705e-01
1.119798247024686555e+00
9.729071394672001993e-01
8.177862016620667251e-01
