9.820336399759448387e-01
6.922045613058939173e-01
5.582087872475780532e-01
1.017834974376638613e+00
8.774892345373461744e-01
8.671897050128997142e-01
6.373383028650598803e-01
6.139452945737963185e-01
8.256401092921445972e-01
9.265803848077023286e-01
6.684842899799093852e-01
5.669480170673798503e-01
6.999898621613855898e-01
9.097260632534028835e-01
5.692100917513380764e-01
9.853537516084822645e-01
8.954279342637153638e-01
1.269792012063279518e+00
7.671509154460462998e-01
7.459421414546801854e-01
8.723598851646670038e-01
9.106249354915882943e-01
7.632056602429063696e-01
8.071258137201442473e-01
5.289202794637560823e-01
8.422540246552190357e-01
8.722621400930609115e-01
7.058107837506680804e-01
8.461283162423521853e-01
6.980475040399015674e-01
1.018894527512431036e+00
9.141333121196547618e-01
9.747698739425469938e-01
1.074223015794962821e+00
7.521672205577453196e-01
6.919887396204742469e-01
9.661610932431030641e-01
1.031206856320824317e+00
1.165144021799328966e+00
1.021792323867282803e+00
9.477843534799658132e-01
1.118354650076724965e+00
1.080901944780909396e+00
1.054967331268509501e+00
1.096615603942323824e+00
1.245698252415246898e+00
5.794546460735244819e-01
1.050597230879350308e+00
9.264635730791941359e-01
1.082184321255611703e+00
5.380978140797817444e-01
7.545453638827791520e-01
1.132305770643970755e+00
8.056867964202255594e-01
8.670857554494368902e-01
9.841673536899135932e-01
9.670007782549031594e-01
9.954061066373874889e-01
1.236105892801633965e+00
9.932979582871854785e-01
7.342280842597195267e-01
1.136236918257594652e+00
7.759543239698547534e-01
1.160882117623400767e+00
9.073019436997007414e-01
9.551150269475496835e-01
9.897839935262232602e-01
9.864159881741640934e-01
1.278813385302459249e+00
1.151140523557061757e+00
1.046221509429178242e+00
8.465065996820180239e-01
1.363761684239289007e+00
1.128395921360358045e+00
6.492654088520810607e-01
1.741633686298067918e+00
1.370102661412006873e+00
9.032799443673805717e-01
1.093951941474391898e+00
1.008930145095088715e+00
8.914372747442317335e-01
6.570255385910442891e-01
6.481895220710480743e-01
8.357536758319251691e-01
6.332224428005094330e-01
9.727172833894194293e-01
1.176178880965891738e+00
1.207258274379793939e+00
7.860018798672635532e-01
1.073126528796891410e+00
1.137688518881120325e+00
1.229829417878834041e+00
1.014740397537265748e+00
1.069417860483829585e+00
9.761823803799105637e-01
7.245091711161166792e-01
8.794687705335720862e-01
1.015882999996072344e+00
1.182599496932970506e+00
1.254037340573820991e+00
