1.549994814158351941e+00
1.529990085794247667e+00
1.483317323496962103e+00
1.548583347129129484e+00
1.499893450511416315e+00
1.526826631423927383e+00
1.431884732772108038e+00
1.550669246651744437e+00
1.529462792710016172e+00
1.452264840288801206e+00
1.433464383104962492e+00
1.561694516720843806e+00
1.556419775964413832e+00
1.534588075149067921e+00
1.386735492276755410e+00
1.469887566903059328e+00
1.486731136864178460e+00
1.575008702325995325e+00
1.517975441387399593e+00
1.572216005050389276e+00
1.501153323644101922e+00
1.428781966944442594e+00
1.474924610754521970e+00
1.450535148260005736e+00
1.335309792418010177e+00
1.379078642325098025e+00
1.475749045972655882e+00
1.554813142159564787e+00
1.370414421312398545e+00
1.337150218304862026e+00
1.474927751585256575e+00
1.443275162398500733e+00
1.447953027375266100e+00
1.529500349223344546e+00
1.402222066022367430e+00
1.364067100549585909e+00
1.389967805158145886e+00
1.622933327372150458e+00
1.551409947018275393e+00
1.579461429966953157e+00
1.469920763853471701e+00
1.646624415040731870e+00
1.608573190469086756e+00
1.553142023078112333e+00
1.650139984455279318e+00
1.668552998940971754e+00
1.723947617105244801e+00
1.645577678076970418e+00
1.613286093864490844e+00
1.565853992410745077e+00
1.519709542985757222e+00
1.541676079508257136e+00
1.649827128384774078e+00
1.682590032924373258e+00
1.685717616409396991e+00
1.538980997258869943e+00
1.634664696771544135e+00
1.591774785979380935e+00
1.768490038232374051e+00
1.593556621015165708e+00
1.587143450018147606e+00
1.604504367934506792e+00
1.458029961615908698e+00
1.519498874379323849e+00
1.578564370800136452e+00
1.479227298047851358e+00
1.545676517631026980e+00
1.645673669369550174e+00
1.704325681510910240e+00
1.566722904998104626e+00
1.573610282780977254e+00
1.487504371605375963e+00
1.597283307788855744e+00
1.476946743411265972e+00
1.497920618363660861e+00
1.470424725048824488e+00
1.595396487974322097e+00
1.512746531689428187e+00
1.493728193459951781e+00
1.624757550872615308e+00
1.506552956576896474e+00
1.600454631875555922e+00
1.606606528224450159e+00
1.600059374439936732e+00
1.517926702737978584e+00
1.677987489028057944e+00
1.557794612982506655e+00
1.609500809170729019e+00
1.548159800602569858e+00
1.768314127158253646e+00
1.737893809679406987e+00
1.603093082767993671e+00
1.632265409217363850e+00
1.612360843737977056e+00
1.703256062435070772e+00
1.695546563470302859e+00
1.659727667654798511e+00
1.729605682738977857e+00
1.595533819072264770e+00
1.551025257564672799e+00
