3.628462488871787794e+00
3.651153135438756081e+00
3.864768982455085045e+00
3.668326468356189807e+00
3.831873240740229392e+00
3.460777469157218622e+00
3.594994314115485423e+00
3.623068999514371225e+00
3.637692572041415051e+00
3.825808679290664926e+00
3.551754577672342705e+00
3.612585210281423986e+00
3.716600841556632062e+00
3.616232633722792578e+00
3.683230475358529432e+00
3.579831944503720553e+00
3.523189692663123207e+00
3.623566526868645887e+00
3.685074909001595067e+00
3.841018714721036176e+00
3.628365782631283398e+00
3.543418823715694721e+00
3.752019174168572224e+00
3.540995087064172875e+00
3.762539213422758877e+00
3.530033486099683149e+00
3.758010847773693541e+00
3.536702150805806522e+00
3.729200349040699525e+00
3.755573652404125884e+00
3.542934443052829341e+00
3.693102983474895851e+00
3.621294289434265679e+00
3.878236393597210174e+00
3.653326980570863913e+00
3.626576218639343985e+00
3.600889341314344794e+00
3.731229660302107565e+00
3.651140488878666268e+00
3.671330888770211409e+00
3.612682328923182862e+00
3.618829206919877528e+00
3.820793399342818919e+00
3.725678108195978222e+00
3.598436462403806768e+00
3.592219408520892276e+00
3.697438835750442632e+00
3.684602914806970553e+00
3.619960223778909469e+00
3.693026327597197067e+00
3.714985474033301482e+00
3.809552937840602560e+00
3.569328323060168007e+00
3.891893184955502072e+00
3.554151930025656103e+00
3.635232617390035337e+00
3.539294165205314258e+00
3.630741607321973152e+00
3.707328907477020596e+00
3.593235375403561083e+00
3.764370281540391883e+00
3.529825322713155966e+00
3.610824015367389617e+00
3.575579820431434630e+00
3.488223023593777228e+00
3.650712460274339488e+00
3.620513462571238072e+00
3.686827297139803061e+00
3.714247565617862623e+00
3.586765291660278354e+00
3.552729653733102122e+00
3.474300130417428800e+00
3.863844330500408653e+00
3.808887287787279696e+00
3.661724861341260073e+00
3.664130318235094830e+00
3.746616505869210911e+00
3.442939081464206907e+00
3.553178657785603711e+00
3.461470530129451717e+00
3.606590354690710321e+00
3.641696176771816340e+00
3.614516306162692594e+00
3.539648543477424969e+00
3.569263406668122585e+00
3.664933577111609608e+00
3.647723992413778316e+00
3.510620856387919098e+00
3.567890673355083919e+00
3.809332226417407430e+00
3.766635633350658541e+00
3.702054534191552726e+00
3.819570980897633472e+00
3.887059254153315546e+00
3.535816073249570479e+00
3.441884939330216220e+00
3.566958591615805751e+00
3.738231266600218206e+00
3.488758362087604148e+00
3.647420833792886175e+00
