7.973984380320672249e-01
8.567656960679823630e-01
1.033993445918698573e+00
1.049723509105329189e+00
1.002269722638258198e+00
9.852593853733130347e-01
1.305560642062956633e+00
1.101796763771231147e+00
7.497295747192960214e-01
1.114345014588869809e+00
9.739676067200042642e-01
1.071122668691607771e+00
9.904879418935472746e-01
1.158208606175568089e+00
5.955514801585070073e-01
1.202995508853955009e+00
9.635181528908524085e-01
1.006909901486043202e+00
1.051670825560527378e+00
1.009456065498957944e+00
1.362343732345282721e+00
9.686794864486955037e-01
9.767011400153834400e-01
8.996961072303222284e-01
1.276073708456637146e+00
9.061116000448370400e-01
8.786633416972076116e-01
1.109493287739688583e+00
1.284845116817681987e+00
1.194210189886521167e+00
1.656424599968043587e+00
1.314495607390289145e+00
9.888390104062229069e-01
1.370758859611223901e+00
9.977889540430404658e-01
1.055155011928925912e+00
1.218021869251162626e+00
1.038415764254690732e+00
9.548310817680966123e-01
1.203992381709860782e+00
1.159072850668697141e+00
8.016823678491369343e-01
9.128759155597935271e-01
1.055468333653357460e+00
1.920754585201082110e+00
1.440862147275356220e+00
1.045642617591487467e+00
9.849882404163318173e-01
1.254700358592892195e+00
9.544574303246561309e-01
8.412200552927969754e-01
7.346103407151839404e-01
1.010735622381675247e+00
9.836499307412656101e-01
1.027102932790871392e+00
7.450369753008831974e-01
1.152800815871238838e+00
9.088870835067259790e-01
1.346400912983970910e+00
1.002936632238195180e+00
7.355681420626337674e-01
1.439439587555922717e+00
9.820983948012295128e-01
1.322625301987981006e+00
1.375436674477126253e+00
1.396551997850934423e+00
1.208449506892240510e+00
9.157021727985202864e-01
1.312124778391231761e+00
1.346464117375678393e+00
1.010370671950123089e+00
1.716247591248846183e+00
1.669313567936781428e+00
1.199352069266594656e+00
8.053534133773467829e-01
1.046058997888665631e+00
1.532352665355806831e+00
1.503524555138570307e+00
1.131240647274762257e+00
1.368391189364388749e+00
1.348010740831959486e+00
1.561294785740187985e+00
1.717208295866015533e+00
1.907729929495566745e+00
2.140119585243007272e+00
1.133307814183837081e+00
1.320703525787310539e+00
1.134520182997623028e+00
8.420832420185818679e-01
9.671353093053041139e-01
1.134595726919065850e+00
1.101125624390381086e+00
1.283946062502488106e+00
9.092895534749768638e-01
1.258225552361809552e+00
1.238716381469115113e+00
1.424168936441900346e+00
1.200007535325189112e+00
1.069167165294729660e+00
1.131834532205543420e+00
