9.180741671265508774e-01
7.792073341113077145e-01
1.259242355484731846e+00
6.661891830489843347e-01
1.065538152559390328e+00
1.134194187029882173e+00
7.294979995434871523e-01
8.009768849378968714e-01
1.340990915174230080e+00
1.292535736388711110e+00
1.339468659676357420e+00
1.648044268115033573e+00
1.228003439666388141e+00
9.496574570852448494e-01
9.749824091754272226e-01
1.051348740346995436e+00
1.314486499000959485e+00
1.357376677916084740e+00
9.262942933325255535e-01
1.005724807675485000e+00
1.319029598431561645e+00
9.955220251605247928e-01
1.179155413467407820e+00
8.946646660060900702e-01
1.128150618295396868e+00
7.489832937782984201e-01
5.638181948903026042e-01
9.620518147883327931e-01
6.568027200616500805e-01
8.639151187112219521e-01
9.795621387079632703e-01
1.052359475318185966e+00
6.815409688119811182e-01
1.003667670850304727e+00
1.108100267638434611e+00
9.402575034001114940e-01
1.198485791976695136e+00
9.615753219687311892e-01
8.633874539458161745e-01
1.530087274984648360e+00
1.032598043783513830e+00
8.130119475607352486e-01
1.162517787480475961e+00
1.162290404002964683e+00
1.833036673980270592e+00
1.491722112906838316e+00
9.893724316473256897e-01
9.266847199734821183e-01
9.960425125461896956e-01
1.196956058467122830e+00
1.042852877719007587e+00
1.019728765764747580e+00
1.289492209416619017e+00
9.320352159590359342e-01
1.631340689331036264e+00
1.330965081254475324e+00
9.496458206201039420e-01
9.479703572580350235e-01
9.989394202877944773e-01
1.212425778860406700e+00
1.027552614874700287e+00
9.171193860922771668e-01
1.249197773444963300e+00
9.162493847400984270e-01
4.379488152255817113e-01
9.696839863458125430e-01
1.076533944420905220e+00
1.113466355602201308e+00
8.653163730350411642e-01
1.420146769398691333e+00
9.954182588708064827e-01
1.403353585047679042e+00
1.466976693014178101e+00
8.881630332840629860e-01
1.254942345036842433e+00
1.707123221209089881e+00
1.289168331668594680e+00
1.365077901073847189e+00
1.238714135620273327e+00
1.506896836348336155e+00
1.393425553678617312e+00
1.257560834732080579e+00
1.351784101073014277e+00
1.417496312388347279e+00
1.074332157705525148e+00
1.374485553207963617e+00
1.439932787446643436e+00
1.413953633873781923e+00
1.075989815875391997e+00
1.297388491549989809e+00
1.222056230241487462e+00
1.451425217565986969e+00
1.700210646566298500e+00
1.485032304545435666e+00
1.413667314513015416e+00
1.529052385023196514e+00
1.312782025040941880e+00
1.723425345611479198e+00
1.245824402723349156e+00
1.489011589423643089e+00
