3.616173212895491762e+00
3.588016987802016722e+00
3.704512424377869539e+00
3.749707196058485348e+00
3.685600326517765257e+00
3.501610396335382624e+00
3.576792520602532388e+00
3.463104131082495929e+00
3.538126828521895195e+00
3.713165339607905402e+00
3.647867614501604461e+00
3.608117279057935445e+00
3.572657109962841027e+00
3.634844219378661201e+00
3.559983904138472433e+00
3.893645650635745525e+00
3.575376894765974534e+00
3.602525675573244435e+00
3.584340207258880362e+00
3.702798778546532166e+00
3.656241095598103286e+00
3.424936664470081826e+00
3.676122300009891930e+00
3.956385233594978068e+00
3.428450303054826342e+00
3.422697517482633511e+00
3.532948023006258875e+00
3.607599502676019476e+00
3.609961217280902801e+00
3.681374257679435491e+00
3.570439336956892085e+00
3.704132855555207993e+00
3.755186770885849068e+00
3.628369696753881435e+00
3.587760614987565599e+00
3.647821193352083213e+00
3.583983977334377347e+00
3.566216081327435283e+00
3.569945122911037494e+00
3.768573100575959511e+00
3.530368480057984204e+00
3.596153492773824123e+00
3.771886763976372681e+00
3.553244427445306997e+00
3.638960201018219820e+00
3.587097188092201350e+00
3.630061303082080304e+00
3.748194959624302491e+00
3.549945802834023389e+00
3.462276963389062878e+00
3.543757523947439925e+00
3.435578919374132845e+00
3.633395894728229436e+00
3.738975749445137886e+00
3.519446370403577884e+00
3.582151224633796982e+00
3.632992006772072013e+00
3.685368674452948135e+00
3.760045364355240949e+00
3.642152285842991333e+00
3.673559835176899213e+00
3.718454772934661090e+00
3.725936571336976311e+00
3.558544944245063402e+00
3.541194777495318746e+00
3.741376684695888244e+00
3.785545637377115913e+00
3.767380080537720222e+00
3.670748371591669112e+00
3.659403016294270117e+00
3.649556943420724231e+00
3.787076766683258100e+00
3.697827675156434513e+00
3.856490389683052911e+00
3.674805716712035153e+00
3.603751381483616179e+00
3.797866697266320646e+00
3.702337218489213377e+00
3.664880988377183346e+00
3.447983927165494400e+00
3.672753864760277320e+00
3.447047546890244174e+00
3.466243530956389929e+00
3.563206121644478142e+00
3.544988602757003004e+00
3.621010720951372441e+00
3.731723591177697141e+00
3.656665536991707377e+00
3.785302012522898440e+00
3.519856809299407807e+00
3.864799020870036905e+00
3.622898524759910810e+00
3.670531959704396385e+00
3.694598058452734257e+00
3.655337301344356860e+00
3.735849106345888515e+00
3.700660049341025992e+00
3.708785495372953989e+00
3.767455799291156371e+00
3.711459652709599766e+00
