5.959699273882881343e-01
9.811186686508058807e-01
8.429881428276569943e-01
1.009376779976241867e+00
1.498909187720556702e+00
1.718790632365444937e+00
1.009112429903075370e+00
1.749535096273640677e+00
1.707027551099089102e+00
6.810277117782730372e-01
5.296609142313842833e-01
8.499956393049895587e-01
1.168689902275320103e+00
1.264772316509442440e+00
9.285744974018677045e-01
8.698081643883337488e-01
6.503094188941278553e-01
7.358410292493852145e-01
1.568466293363583564e+00
9.292149290120320648e-01
8.814076674585171745e-01
1.313362085247246513e+00
1.335448733790196574e+00
9.228487562844270853e-01
1.310539776270020162e+00
1.260681978062016650e+00
1.050738476157501156e+00
1.025140074550269453e+00
9.711534195371896994e-01
8.641980656605894318e-01
7.229261829362613190e-01
1.066644873595069098e+00
9.138294133824138576e-01
9.137455661251352446e-01
1.190798801714912036e+00
1.405413535731429020e+00
7.827879574465296253e-01
1.374412735995414803e+00
8.319278844853322807e-01
6.411632070753660040e-01
8.929747779356869142e-01
1.502177155329927905e+00
6.312310941459813307e-01
8.101472207867324027e-01
8.459264936261702283e-01
6.274997599797275116e-01
5.432269376531992933e-01
1.128881666348483304e+00
9.721524416469708996e-01
8.450336267219370479e-01
4.990746412843083957e-01
1.275900251078088132e+00
9.964611666056486516e-01
1.354589998815479701e+00
1.174027332942914947e+00
7.915939400606382126e-01
9.401930648343622687e-01
8.810287786995192327e-01
8.476347488757763893e-01
7.161040378295410180e-01
1.057299264311007070e+00
9.503319930325987430e-01
1.140696085433914098e+00
1.046837606796367171e+00
1.641915093953642657e+00
1.892294635886207610e+00
1.869976257436401612e+00
1.697849630627862538e+00
1.704184306037296981e+00
1.126649411590202599e+00
1.138225541913725269e+00
9.627445522154198798e-01
1.502270916163651604e+00
1.424859273340729482e+00
1.769199393360348926e+00
1.208609952368741691e+00
1.564604364940538783e+00
1.632178105675181401e+00
1.075395806638497431e+00
9.967063841499339549e-01
8.349815757783309866e-01
8.427076805071845866e-01
1.336094981805526771e+00
1.460560541542547330e+00
1.510378353033946519e+00
9.045812783968357751e-01
1.369567010354945102e+00
1.314418804321256795e+00
9.707719484036928526e-01
1.591400657287110443e+00
1.153517710105424587e+00
1.277432064592033401e+00
1.306222653029965652e+00
1.432086881804976786e+00
1.200176281373995346e+00
1.332840909184340061e+00
1.623569525955698367e+00
1.162372727586588494e+00
1.317775933425957113e+00
1.120103500220533288e+00
