1.290799549115701383e+00
1.384029987246857996e+00
1.419794242056696465e+00
1.455933985209177495e+00
1.338771045935059245e+00
1.507179365311404506e+00
1.423115447964657720e+00
1.415854336219017240e+00
1.545107874243611068e+00
1.495302319487370912e+00
1.408598114928430789e+00
1.510415376579420821e+00
1.396835200470744498e+00
1.490839206934113870e+00
1.655392420582986635e+00
1.635960080907106429e+00
1.570498673048504878e+00
1.614202807858638122e+00
1.747703571116785870e+00
1.661778037789198414e+00
1.755034088504366707e+00
1.514212584186432231e+00
1.717618545653230244e+00
1.657329643652784679e+00
1.555208629643302531e+00
1.457639281476323712e+00
1.733301571400943875e+00
1.414073671949486188e+00
1.627546849893011016e+00
1.527788184053845644e+00
1.346665329899978891e+00
1.464392284586121917e+00
1.311023718956189743e+00
1.341097921041456420e+00
1.461141331861827597e+00
1.480652829592698616e+00
1.548808353654620440e+00
1.564821745332757308e+00
1.563222808140188214e+00
1.796383395383786663e+00
1.600093967142131479e+00
1.516158190049247789e+00
1.600473081122999242e+00
1.561991175402248411e+00
1.591650637482677988e+00
1.546535936635930586e+00
1.603084713963401686e+00
1.772984032649722153e+00
1.595115852838813408e+00
1.972186988208663116e+00
1.843421763994547824e+00
1.958101018458182629e+00
1.938962555648084729e+00
1.958156943554081986e+00
1.779637134351027106e+00
1.754159555950924210e+00
1.777094206118348119e+00
1.678051721893094372e+00
1.804341966567607480e+00
1.798795665636226726e+00
1.571654271823239135e+00
1.765711360274849984e+00
1.724556826452336322e+00
1.630775395900865288e+00
1.577590341106828609e+00
1.595676198606239993e+00
1.656057704085654558e+00
1.560152302606354402e+00
1.580708959207776543e+00
1.564586566712698135e+00
1.628136281075496905e+00
1.622304066888981655e+00
1.584403833682711316e+00
1.514027361165990460e+00
1.564822731186160221e+00
1.609963024807411713e+00
1.637039531390366953e+00
1.669691308947246933e+00
1.581570048986882471e+00
1.614462326848519647e+00
1.554289173158525772e+00
1.602181396620925291e+00
1.725898587575143805e+00
1.606665601930242104e+00
1.720141993164187699e+00
1.773971739372239842e+00
1.737258454644968753e+00
1.547145992920152535e+00
1.717836698571332033e+00
1.686769631562071270e+00
1.633273072530404546e+00
1.685425284024346659e+00
1.870678179994765822e+00
1.688100128822652701e+00
1.762786016671048950e+00
1.675798232239718022e+00
1.796796713006516111e+00
1.729383370745189996e+00
1.661330444080740154e+00
1.719495557315181999e+00
