3.598167320192060092e+00
3.571651183163943255e+00
3.631517364400837167e+00
3.696709635952205808e+00
3.666390676128657766e+00
3.566280713042237593e+00
3.648049639411048872e+00
3.495098536569416936e+00
3.637572365389644791e+00
3.735619931746798628e+00
3.470051020964540101e+00
3.642883912530976431e+00
3.690982794500687447e+00
3.765617125102922458e+00
3.717694044406902432e+00
3.661794998101905119e+00
3.691275550904741021e+00
3.936156852892011226e+00
3.677832739144487384e+00
3.613679738880517966e+00
3.722466818001371358e+00
3.742625637966231267e+00
3.582791100934477502e+00
3.873640777856862449e+00
3.473419428686558952e+00
3.600799142371206685e+00
3.520221474305790466e+00
3.692134103410957380e+00
3.687342707148744569e+00
3.696784171385492090e+00
3.641057238926774797e+00
3.549572127623704887e+00
3.716021350766508302e+00
3.378989276435379718e+00
3.722698751062772260e+00
3.526988802755570251e+00
3.527534717541580989e+00
3.775960982925563592e+00
3.648120064823285880e+00
3.563476038817967595e+00
3.577506944061598748e+00
3.630176403055265233e+00
3.728494184205184414e+00
3.686325655905445142e+00
3.543521149503081169e+00
3.588504551193523628e+00
3.545854776687834775e+00
3.719938988146359815e+00
3.626192363843849353e+00
3.639055722374498814e+00
3.566435120229096700e+00
3.674256840614937847e+00
3.667686582230331727e+00
3.645788872659945667e+00
3.667127454589646174e+00
3.733550818720487552e+00
3.696298390745544449e+00
3.547209277916080872e+00
3.483441913100661314e+00
3.650509035898899857e+00
3.623016687724846641e+00
3.765713527910109715e+00
3.682160206818196890e+00
3.604352359776613834e+00
3.594896182559806252e+00
3.656100079953956250e+00
3.744996359402275043e+00
3.668851629258781610e+00
3.690083884679775661e+00
3.616770996099479163e+00
3.658000421307347594e+00
3.614579665966423772e+00
3.686542799679525917e+00
3.716050989315550002e+00
3.812292636094132270e+00
3.610452199095354864e+00
3.638015746296444419e+00
3.805463300557092587e+00
3.728296771912044338e+00
3.566163356108843274e+00
3.580575586715522896e+00
3.708706832008461518e+00
3.651784813486954828e+00
3.651284234386932948e+00
3.475607589598535441e+00
3.685037986972059088e+00
3.488642108288245058e+00
3.609499304900022576e+00
3.722618365110831551e+00
3.711953719093735060e+00
3.743332620854558535e+00
3.701718504841561064e+00
3.448347669425986695e+00
3.655817455972885099e+00
3.484249828709213403e+00
3.730371659596285028e+00
3.594720773181689033e+00
3.632096317472221614e+00
3.581340358102705235e+00
3.476147533242663457e+00
