1.658716569480734426e+00
1.611228515733450051e+00
1.258317080529355092e+00
1.235862645260223935e+00
1.064293348697724184e+00
6.030508312783151581e-01
1.019893511048664880e+00
6.030125438041797903e-01
9.147454454577226279e-01
3.594407853707234368e-01
9.989748591380819276e-01
7.384417265110775341e-01
1.255727738965476181e+00
1.236091833958231190e+00
9.556273809895675653e-01
8.842754891150848007e-01
1.249101686504225928e+00
1.129309233564170567e+00
1.115206592995915624e+00
1.718061727838984254e+00
1.428222113990727404e+00
1.444914657990396423e+00
1.482356763206967853e+00
1.462614565570485192e+00
2.110069498228406282e+00
1.397697532597539816e+00
1.415847873018878822e+00
1.234511953935364170e+00
1.296661207745652522e+00
1.067623154302163924e+00
1.314260000513158166e+00
1.285775391281143820e+00
1.028908388962904707e+00
1.122920113287155575e+00
7.508893251247650280e-01
1.708503911142029930e+00
1.356164592368891419e+00
1.300294103103142529e+00
1.212686600282251392e+00
1.316458236034381279e+00
1.904723153096287147e+00
1.099664129433748361e+00
1.496115748194830397e+00
1.539037850770839544e+00
1.169803517130359571e+00
1.302187605124451197e+00
1.393544791096384294e+00
1.081474657814609719e+00
1.331772068743358739e+00
1.141017824292865690e+00
1.295964154830746118e+00
1.121477015128439891e+00
8.731223699400494365e-01
1.808756248576878445e+00
1.210393756989358360e+00
9.723419259207565224e-01
1.318219997562793289e+00
1.676227732170419982e+00
1.060982377721622516e+00
1.406517596727041353e+00
1.083153414895847932e+00
8.309484912101273713e-01
1.124025702511564084e+00
8.870064389564128460e-01
1.519527271023566772e+00
1.211084801542154255e+00
1.204074642463688560e+00
1.357573744546610284e+00
8.422600958219138567e-01
9.227783735499940354e-01
9.242319481446124030e-01
8.173887745450101328e-01
1.104339486547958327e+00
1.421967675603228454e+00
8.467066652338215427e-01
1.226868687913584610e+00
1.873770968582670449e+00
1.443240069417912608e+00
9.200598419688476026e-01
1.222607691244509631e+00
1.435275422768057973e+00
1.126107308514509908e+00
1.248091135587506617e+00
1.077009546267256201e+00
1.523877642258476106e+00
1.249143586955550722e+00
1.791687339775032584e+00
1.439947968561721359e+00
1.409266934494150192e+00
1.569149164848175015e+00
1.228267340470874158e+00
1.477962963922865969e+00
1.206685330384064336e+00
9.160187538514281691e-01
1.030360364460943812e+00
1.079443680800106442e+00
7.027007626514153449e-01
1.413641317466610703e+00
1.212368203570209024e+00
1.107238915074387764e+00
