1.617576322879597628e+00
1.537919389913769308e+00
1.560313280648326639e+00
1.637364392492433041e+00
1.544389976992804003e+00
1.417498129685124786e+00
1.470940051262615400e+00
1.632271916912116705e+00
1.332924124335848948e+00
1.660691404320346010e+00
1.618372696290524271e+00
1.480089946008838142e+00
1.555221829513384391e+00
1.595835942146742736e+00
1.516389384319808409e+00
1.475952254552653553e+00
1.490477192452998034e+00
1.586666319693925242e+00
1.640645447917459254e+00
1.549836515185736063e+00
1.628240743629845166e+00
1.565479991730845510e+00
1.634769476513572961e+00
1.630089436690898008e+00
1.687187498012528319e+00
1.537825173511751187e+00
1.549498888910155969e+00
1.586551096167809316e+00
1.586568188951253067e+00
1.436227876236197076e+00
1.552988354859571096e+00
1.580712288060145632e+00
1.698433312765716074e+00
1.682375849398203060e+00
1.572390689480944070e+00
1.716252249716789358e+00
1.562458862962609496e+00
1.697796466611607435e+00
1.526203326280915817e+00
1.503984659331463636e+00
1.538785536245607766e+00
1.676619053708198193e+00
1.634235131964204779e+00
1.571941240380154703e+00
1.593505391990789333e+00
1.611803823962611792e+00
1.583070707085691975e+00
1.512361082909789767e+00
1.690269664780575498e+00
1.482825312840209353e+00
1.558114039762288350e+00
1.622452901146595350e+00
1.587194489510845408e+00
1.695536655231276502e+00
1.635226480661762904e+00
1.591716092155440965e+00
1.614686631561581764e+00
1.652988893987665575e+00
1.633324287751418469e+00
1.753025787187407314e+00
1.897488211253833823e+00
1.726679760599678870e+00
1.624092385098548252e+00
1.713734667891495533e+00
1.665164215854219476e+00
1.724055634969495765e+00
1.743864980253740482e+00
1.765572152037732545e+00
1.729595477481872479e+00
1.607958756626370667e+00
1.684608635931852394e+00
1.616301673695970775e+00
1.601558067959159226e+00
1.632914512268801133e+00
1.519783702754010202e+00
1.784953224859493037e+00
1.809889214303957328e+00
1.595475221944830491e+00
1.760987068406485223e+00
1.816204910564092057e+00
1.959230632601110411e+00
1.655628407774994537e+00
1.674457225402117277e+00
1.595324730989248874e+00
1.831728135827294324e+00
1.679395274729687859e+00
1.622905825933804724e+00
1.677940207525117966e+00
1.646011221147454240e+00
1.727293938164997655e+00
1.592536465394470468e+00
1.769955011582836191e+00
1.738396915479539562e+00
1.602019493203794775e+00
1.726006440380128959e+00
1.782549101433468675e+00
1.740739710857276634e+00
1.859459315927640466e+00
1.893440458261000936e+00
1.906169095693122539e+00
