7.673139973138141112e-01
6.970396420187907616e-01
9.699183130370500061e-01
8.647609143631164175e-01
6.971703414355555628e-01
9.143474406583806946e-01
9.721279830379572218e-01
7.369250707777625919e-01
9.348659148287309373e-01
1.095880170110478780e+00
8.602551973603350666e-01
1.293780994373005200e+00
1.421355725258696356e+00
1.204863726589468831e+00
1.044416181369377083e+00
7.344091171257671746e-01
9.975239443776858783e-01
8.546071553571658042e-01
1.057369916524842690e+00
8.076168048568630464e-01
1.066024809203329315e+00
9.644246087364776177e-01
8.398917107505996515e-01
1.063195819119739260e+00
1.313294460722450596e+00
8.967646807786188168e-01
1.288580595626945824e+00
1.014641425179933165e+00
1.337412608214964438e+00
1.045165857828486144e+00
9.463840725834943290e-01
1.086499464875319898e+00
1.514676979825483771e+00
1.262448795197890217e+00
1.137107866429393210e+00
8.681138512292032594e-01
1.159254268362073237e+00
1.101752587311619624e+00
8.961300740393826070e-01
1.140935327137220234e+00
1.254109926338516701e+00
1.273768108773439822e+00
1.071989188535226178e+00
9.340078039489282391e-01
1.110470805312116616e+00
1.522879384482944021e+00
8.221503670787518869e-01
7.919184872117507323e-01
9.087967036868884740e-01
9.326259638262803797e-01
9.383081041150084234e-01
9.721436430535148610e-01
1.088085200671545127e+00
8.550620300515930916e-01
6.639462774864363093e-01
7.385208212542178075e-01
8.182825438735685797e-01
1.061687487890042858e+00
7.767205549717658419e-01
6.206908167688952593e-01
6.647080548016723878e-01
7.328219046751079935e-01
7.062827149137210769e-01
9.296827007348259508e-01
7.979030499789678821e-01
7.202186271814041696e-01
8.480076307038718619e-01
1.196532648393657361e+00
1.220898156259103029e+00
1.178109024530188176e+00
1.152344805851719611e+00
1.134712174756463687e+00
1.265327507076211333e+00
1.120989371759286479e+00
1.237784567923834844e+00
1.317641021623696673e+00
1.369927471559732268e+00
1.420838614041301406e+00
1.574788974515115347e+00
1.751306989463559338e+00
1.262666782906421092e+00
9.382868467180458527e-01
1.165571346681717912e+00
9.917924543309674101e-01
1.395658137509820262e+00
1.375486928204703529e+00
1.391724183372229362e+00
1.192596149956249185e+00
1.368843884961245649e+00
1.106443064356419814e+00
1.627991978545526353e+00
1.504258866724420329e+00
1.028487208208516579e+00
1.185629531626754884e+00
1.540134240713630476e+00
1.312697146865430708e+00
1.148639770400897930e+00
1.670331620134158701e+00
1.015172936795764258e+00
1.220389744412423427e+00
