3.683737568250363914e+00
3.528293405851529396e+00
3.455813181087697750e+00
3.613487347894117185e+00
3.520434530533960604e+00
3.748150642988524517e+00
3.810302236053480840e+00
3.576347272812877343e+00
3.777953852501390930e+00
3.546361739421134640e+00
3.608584122542490391e+00
3.537972815603426024e+00
3.538341238068503980e+00
3.707318816770264203e+00
3.873263670559722982e+00
3.679511989823117446e+00
3.676953530722517183e+00
3.612125273710284468e+00
3.496457007829197217e+00
3.512072988860859279e+00
3.687130444382997307e+00
3.758171456835944557e+00
3.481355573952960025e+00
3.611291916812076064e+00
3.822357105305192793e+00
3.529845829130207946e+00
3.594449286920108122e+00
3.510506027521733241e+00
3.649869652804746956e+00
3.654771975702218345e+00
3.594198003479141867e+00
3.626302692859940446e+00
3.587860210159232288e+00
3.635225358134016815e+00
3.983302276589388402e+00
3.464760299678455002e+00
3.506954642574848346e+00
3.734770696690462355e+00
3.732127000303403275e+00
3.801079911044075832e+00
3.651823629040163777e+00
3.519520818026413256e+00
3.532763737944637938e+00
3.488569588288269685e+00
3.776417152177627745e+00
3.736394333262251788e+00
3.574130519113678517e+00
3.559275145771848337e+00
3.706376566347199919e+00
3.701327023769378499e+00
3.869029670698007184e+00
3.614261403283999030e+00
3.562572880413703569e+00
3.614611278500324154e+00
3.664059303028335268e+00
3.463615054726649767e+00
3.663798587646365235e+00
3.681224775797640625e+00
3.651995373746455886e+00
3.745929098980893546e+00
3.806110602867251114e+00
3.779078135403063143e+00
3.720020585963529136e+00
3.587330509358767294e+00
3.685234960147313998e+00
3.607673852494332589e+00
3.826256813078254826e+00
3.843115910255899603e+00
3.650987636326502361e+00
3.674838142761734261e+00
3.771187184821369165e+00
3.524297814168719345e+00
3.362988089740868602e+00
3.710718360120101700e+00
3.647636636547287647e+00
3.452641577575649379e+00
3.624298855284473486e+00
3.580390915135704066e+00
3.761012068929077135e+00
3.712048474196434356e+00
3.632718955679202111e+00
3.624137141446534649e+00
3.691268984342099824e+00
3.703825811559947390e+00
3.690821309262999783e+00
3.574525637210692164e+00
3.627664646208832444e+00
3.906680433320619539e+00
3.626079154215098743e+00
3.824333923795460777e+00
3.675843563228559763e+00
3.757837018311649402e+00
3.800291122373055330e+00
3.674868952554595225e+00
3.670855467891525059e+00
3.862405243384848585e+00
3.673890398782110989e+00
3.798442258553967665e+00
3.625009235741587510e+00
3.781283031630540581e+00
