3.528117746371944641e+00
3.465666621411276793e+00
3.561889534282418168e+00
3.563858893710981413e+00
3.596847555106284844e+00
3.414110142175573959e+00
3.492129889864660885e+00
3.583050654705322913e+00
3.559182598259257979e+00
3.560556248051015782e+00
3.530182189159607464e+00
3.554442423913258153e+00
3.537958207681024980e+00
3.713538276550805151e+00
3.601068719742502200e+00
3.501230059512233428e+00
3.570601707695742810e+00
3.652043825110231623e+00
3.871104080601990738e+00
3.558388160206178430e+00
3.486963540963170072e+00
3.687661961057719928e+00
3.434125911866438674e+00
3.470686970350039591e+00
3.643052761544605556e+00
3.599511824833381279e+00
3.578796584354369870e+00
3.583244122297853718e+00
3.540390578301387148e+00
3.506879666989971778e+00
3.503301040190539339e+00
3.558039446932955485e+00
3.674642845195368324e+00
3.414778382709394933e+00
3.562311070447013783e+00
3.355228206450821649e+00
3.816146496898094487e+00
3.444322962730958615e+00
3.927722953038639719e+00
3.556784385036408036e+00
3.572703653251221301e+00
3.619066598833046822e+00
3.537410882655807054e+00
3.599437311589850363e+00
3.521029532872006040e+00
3.437321087067252368e+00
3.563459353663674278e+00
3.586302792556384400e+00
3.577809612613993107e+00
3.622698417436270635e+00
3.752388130817605916e+00
3.430491384423543622e+00
3.507308872460576321e+00
3.505442671998102888e+00
3.522418891133708652e+00
3.555997380057737356e+00
3.606410675636093632e+00
3.541405721355623371e+00
3.403295198597426019e+00
3.583481670446663436e+00
3.663661937096618804e+00
3.784832903873972310e+00
3.614656444368642418e+00
3.388427972697478641e+00
3.542651288992450631e+00
3.589381014615097065e+00
3.842433521309065458e+00
3.620108244376874840e+00
3.399525761470774565e+00
3.466334649120615286e+00
3.831596657242442028e+00
3.418773514405158753e+00
3.456684587729925262e+00
3.600633763556497335e+00
3.422818674076277823e+00
3.397641847475860732e+00
3.615518832450437259e+00
3.785257078792982455e+00
3.511637715086149303e+00
3.402304251472000107e+00
3.415969573162108475e+00
3.452055826905131575e+00
3.604790333265268210e+00
3.434879598649604127e+00
3.462729205031063628e+00
3.610580640574852396e+00
3.546915369870418111e+00
3.467773848494646760e+00
3.629762882782901379e+00
3.590064986805977743e+00
3.470018757752793004e+00
3.608939938314472684e+00
3.718311267942064458e+00
3.875028529866425764e+00
3.645174610502642132e+00
3.623084070212548191e+00
3.516973730469432624e+00
3.669299701622211529e+00
3.474705409306201531e+00
3.708608593804511244e+00
