3.634488219904812301e+00
3.672060276387704381e+00
3.598337388152813343e+00
3.594499366213861347e+00
3.900818869104665687e+00
3.487149804795103947e+00
3.751306494040452133e+00
3.555529441131173751e+00
3.508429500208995133e+00
3.750011241927977412e+00
3.724495870856626478e+00
3.627892761820001866e+00
3.684567025687147446e+00
3.702350759820802750e+00
3.912629355732052172e+00
3.532786779688310563e+00
3.853742959295526127e+00
3.894696727191930830e+00
3.953931802312584676e+00
3.655002008976161232e+00
3.475973633668062668e+00
3.434265373860311055e+00
3.465682822245160555e+00
3.621243041092383042e+00
3.650082834308336910e+00
3.938242094572568242e+00
3.758996814803434283e+00
3.644562797981954372e+00
3.564316708070793371e+00
3.795472352006802108e+00
3.508798964761767891e+00
3.342122546942465355e+00
3.479215369628890553e+00
3.440658266316984015e+00
3.447912113607255691e+00
3.986309186590315523e+00
3.770908734625632253e+00
3.702494867993463057e+00
3.607270104490092333e+00
3.490787013341505318e+00
3.591538179322053548e+00
3.512806697026853442e+00
3.662362023593575433e+00
3.688150227564989780e+00
3.735460436251984984e+00
3.561844177163231429e+00
3.656201475700761261e+00
3.475680428882212070e+00
3.486832407233960041e+00
3.398131524749343324e+00
3.863155159418318441e+00
3.599631083789862185e+00
3.989295995126124872e+00
3.548389501722641448e+00
3.609218854042902436e+00
3.555326975160839620e+00
3.414228336613510884e+00
3.611891270418826849e+00
3.565203818680917180e+00
3.550329576122139397e+00
3.753260309044300858e+00
3.454320094534135244e+00
3.539814996030580474e+00
3.554551532080244769e+00
3.744520019300709990e+00
3.587575736374262636e+00
3.520814234160700718e+00
3.418860509866195940e+00
3.759503637439573609e+00
3.561044949395415937e+00
3.635196086526680137e+00
3.430924226840736502e+00
3.637973661906717560e+00
3.567137132756869722e+00
3.464384859004119743e+00
3.640342126193209626e+00
3.682565308422797390e+00
3.579347571433447506e+00
3.904629018057892864e+00
3.720803813671124338e+00
3.552399472767574284e+00
3.479959958292848654e+00
3.525191448301372876e+00
3.602220565295362054e+00
3.545474169815407972e+00
3.566392423662811950e+00
3.584466948007640319e+00
3.651070080692979225e+00
3.676199731771546908e+00
3.517364139591289796e+00
3.764910771391980937e+00
3.548804675424614086e+00
3.592330602331381240e+00
3.494954240228900222e+00
3.612396734089668993e+00
3.481391426794894883e+00
3.605227604286674215e+00
3.671253916929063443e+00
3.497123545347839979e+00
3.802856518227885729e+00
