1.154364707930562561e+00
5.292868089958221445e-01
8.252986638277772791e-01
6.303017656569445126e-01
5.474083774550871917e-01
8.763811410262003498e-01
3.726842617298594673e-01
5.782760179679428125e-01
4.623316972124635882e-01
7.301935508547721110e-01
7.179491828825446120e-01
5.271293587140273296e-01
3.178152400834968749e-01
1.160866146919739439e+00
5.580240380040953907e-01
5.957412624671797330e-01
8.131868171810722190e-01
1.011838553059563495e+00
6.362480988082372946e-01
1.305563535796141927e+00
9.876432840043184447e-01
8.902258864882079958e-01
1.015413901824748111e+00
7.777625460042579819e-01
5.266190579489737900e-01
6.199547644144366432e-01
7.930848460936141819e-01
8.170212307704058929e-01
7.799943270205298429e-01
1.002068108522108592e+00
1.083792849607046360e+00
9.780612033447402265e-01
1.207092357038785035e+00
7.916115195194000087e-01
1.255907991060155604e+00
7.879934943362677524e-01
8.467329223691361095e-01
8.741554384388321441e-01
1.099150121397091340e+00
1.171657385832912901e+00
1.316716615321463557e+00
1.497684388589876514e+00
1.308423749008566395e+00
1.728879754742815411e+00
1.524330831349208548e+00
1.194286784037675408e+00
1.003881716190400786e+00
1.308689700463771421e+00
1.127054788044458578e+00
1.315793320511093434e+00
1.144503164867332057e+00
1.285884511456511614e+00
9.310319162828171180e-01
1.079080140603886573e+00
8.960700882988817950e-01
1.357275611754252154e+00
1.473636447741956124e+00
1.632796942374360016e+00
1.548029488714463442e+00
1.256667525518836870e+00
1.201800923993604053e+00
1.276544420071481944e+00
1.307605607344118903e+00
1.401738512941046455e+00
1.122131228347654330e+00
1.235603930341809376e+00
1.201461152215104189e+00
1.830125548177147676e+00
1.119388275235547292e+00
1.568066223805063775e+00
1.648410569358043087e+00
1.532511799316680579e+00
1.484570201572726234e+00
1.438602400505479162e+00
1.266699349396928520e+00
1.340892176785592138e+00
1.238284065081816099e+00
1.318556789599740764e+00
1.322048954033397505e+00
1.802124125461176174e+00
1.517220936864105640e+00
1.557616441034349819e+00
1.334218605591821705e+00
1.396369080465703183e+00
1.351676731922682562e+00
1.452762849213236507e+00
1.084598668560046608e+00
1.791407209928694622e+00
1.287645574940428972e+00
1.218745458597123132e+00
7.281194349830223400e-01
1.160162531306431655e+00
1.113343997671828012e+00
8.933469133151179520e-01
1.284996017773602617e+00
1.016647489849938912e+00
1.205172989621204449e+00
9.623173300964854571e-01
1.291118528942271304e+00
1.192914521112823145e+00
