3.868917460184949419e+00
3.878658478749976268e+00
3.651353626621558490e+00
3.670795645288577269e+00
3.619105498285256850e+00
3.578246151852244594e+00
3.986602732269996618e+00
3.911262552039350471e+00
3.670554693556124626e+00
3.642947094591126866e+00
3.650778341882999101e+00
4.063065642873050720e+00
3.793401083142164065e+00
3.770858398397997746e+00
3.647718662110851273e+00
3.600515268910884359e+00
3.685427370167968952e+00
3.542812976397786251e+00
3.623242910269322881e+00
3.478019866220870782e+00
3.839976048647394169e+00
3.607440439219415484e+00
3.772071363924876852e+00
3.788099762974955542e+00
3.493593548542223814e+00
3.400134785707546126e+00
3.558715643806850792e+00
3.567587444032911392e+00
3.873289438963009701e+00
3.545400896628939424e+00
3.581757049106212065e+00
3.845350017478282201e+00
3.677978332369894687e+00
3.520391949125627473e+00
3.597515042440488475e+00
3.683568577896336294e+00
3.527114747664453986e+00
3.611403156694721339e+00
3.538230362555923936e+00
3.633556318063064783e+00
3.535900312738027296e+00
3.679500682391448674e+00
3.674373751763916118e+00
3.568945384158763279e+00
3.406082752491387478e+00
3.486766505164040630e+00
3.517700146870930578e+00
3.509660729066375495e+00
3.706397184674424583e+00
3.591061733436138326e+00
3.579173904168185594e+00
3.619556173442448177e+00
3.722207322017054398e+00
3.907392785589098416e+00
3.595347184563775222e+00
3.516609630985374491e+00
3.695248804927801167e+00
3.625284316747312552e+00
3.474721307751136745e+00
3.656392381144727644e+00
3.619736211469607223e+00
3.640451493392189430e+00
3.607721244756389112e+00
3.756073572699258456e+00
3.576238053098117486e+00
3.488226269673774471e+00
3.877477306730337858e+00
3.659248062091033926e+00
3.479632734862480259e+00
3.694173576719903984e+00
3.535174300613429299e+00
3.590106877420567333e+00
3.706078309350128386e+00
3.683851379050146591e+00
3.843325140815533114e+00
3.519824097897670701e+00
3.540711016268369704e+00
3.476754865685113494e+00
3.655597046214251744e+00
3.541031868583045306e+00
3.666334600916415276e+00
3.672612077768736327e+00
3.773477456861728196e+00
3.732517379469004748e+00
3.715517522566828212e+00
3.440596082709809878e+00
3.626905262418240294e+00
3.663841632105822477e+00
3.556250563824714828e+00
3.597701826858382024e+00
3.662542603148071230e+00
3.500500838005648596e+00
3.616877972473568459e+00
3.613041620388357078e+00
3.574778437221838079e+00
3.369345748720020239e+00
3.546967575354379676e+00
3.652339732420117890e+00
3.607339166884172776e+00
3.667716884694369295e+00
