1.061121857991380146e+00
7.802232412645441206e-01
9.279925951028447084e-01
8.960803542465084481e-01
8.798911933668355223e-01
1.382044105104120346e+00
8.865295764774243636e-01
8.208592168734429873e-01
1.027596935499721642e+00
8.507208883494152829e-01
9.973375256162421154e-01
5.704536361084620033e-01
9.333038915703765204e-01
7.702258173175328126e-01
1.338400591080536994e+00
9.006074501270010524e-01
6.450480241733613784e-01
7.957173829399597498e-01
6.398650034396082820e-01
1.106283340296550843e+00
9.135985753574231705e-01
8.161106657096274253e-01
7.048740903051190498e-01
9.475947688263883784e-01
1.349900848951799848e+00
1.282810687383551640e+00
1.129306758502476971e+00
1.442755341048922668e+00
1.545023316919568179e+00
1.141856405004097352e+00
1.095564688657653329e+00
6.148986275550987202e-01
9.241236492652216139e-01
1.017044783035514488e+00
9.923597455311257143e-01
1.551288707877297668e+00
5.912668975283621453e-01
9.928304447011173650e-01
4.681540628375822077e-01
8.012397351627366104e-01
1.014288222771486891e+00
7.744162335208999437e-01
1.427123958881853616e+00
1.173103002181184129e+00
7.926545254213916980e-01
1.101293579074204665e+00
1.481169691734242067e+00
1.095915862582980127e+00
8.406345119229893248e-01
9.629108888589857917e-01
1.040185578548158185e+00
6.876906735077842336e-01
1.114456058666206895e+00
1.050850413157451202e+00
1.491661720363738564e+00
1.010072535974349428e+00
1.403665299981585290e+00
1.002412585714163695e+00
1.020224381897334887e+00
7.055020252092089050e-01
8.646993709588567389e-01
8.410068170534080734e-01
8.625635019270914139e-01
1.147795676944961540e+00
8.819266544935530083e-01
1.089458733000063129e+00
7.319452463630421457e-01
1.268460439265012729e+00
1.166017246691069431e+00
9.581630715942366372e-01
8.519616958980571475e-01
8.948906468855839513e-01
1.163294893073109515e+00
8.062479298453454346e-01
1.455947113720265085e+00
9.456362673195867208e-01
1.122185067119594759e+00
5.402807692969986419e-01
9.682948285256141041e-01
8.879420314679381532e-01
6.482480816837561388e-01
9.711923802814942386e-01
9.777393802777615273e-01
1.187182594461392515e+00
1.927998974385974895e+00
1.552447115315061854e+00
1.341108620864387424e+00
1.369674094951812915e+00
1.031606202716514264e+00
1.413275894138439348e+00
8.310666504378283470e-01
1.233367814743618229e+00
1.077358347010064943e+00
6.976579385824862589e-01
9.599697191693602472e-01
1.030446921165898422e+00
1.244561099163426832e+00
9.921326444710000247e-01
1.048361457070469793e+00
1.094620515113109871e+00
