3.684206327305826978e+00
3.694326905254782023e+00
3.812650012859176929e+00
3.665851739261116293e+00
3.729927203775932121e+00
3.605501269603472725e+00
3.574661934839108657e+00
3.685191772717542502e+00
3.626199430585039352e+00
3.558330764013122316e+00
3.533810933418406464e+00
3.661651766516292650e+00
3.633784134383109876e+00
3.637274217885348104e+00
3.719015779445216996e+00
3.520194339840078790e+00
3.648329256363861628e+00
3.729716410269913851e+00
3.511577052420576717e+00
3.841516761889115728e+00
3.895478445810083290e+00
3.510509811031881089e+00
3.915269048526161200e+00
3.623766933921755307e+00
3.504770379413969739e+00
3.812778022500432407e+00
3.604603520309107356e+00
3.594990637118104182e+00
3.721651620429498930e+00
3.747513484758094648e+00
3.510481643694082443e+00
3.634152345664219297e+00
3.749154150525034090e+00
3.596592109054967068e+00
3.746444160616602126e+00
4.064245151835069514e+00
3.649875035377155186e+00
3.546465309088393969e+00
3.743793501349906627e+00
3.785685430352196068e+00
3.554437358229445731e+00
3.536308704090626698e+00
3.531491212373056854e+00
3.692090101854682338e+00
3.671710033727400457e+00
3.682421374089710486e+00
3.478012225486007303e+00
3.634945313515661969e+00
3.610876722699408070e+00
3.539517999606833776e+00
3.998250695767485041e+00
3.754475795592424170e+00
3.687650240105552868e+00
3.748678283916570653e+00
3.710662092931067857e+00
3.472671052988255180e+00
3.647635406011319414e+00
3.685338509226031345e+00
3.542714174319102849e+00
3.734419826913849771e+00
3.535799653269558362e+00
3.611314307666346757e+00
3.649649475061671922e+00
3.731341271799704984e+00
3.899784816495122541e+00
3.665376480738688603e+00
3.502334102121972936e+00
3.543080995681700873e+00
3.510780536687396314e+00
3.731983391348167700e+00
3.642256868750025856e+00
3.550844565383310503e+00
3.659690866265893128e+00
3.944931677028334249e+00
3.513866060947604453e+00
3.588687582811246557e+00
3.630988305849731645e+00
3.694036452780094404e+00
3.636656685822929447e+00
3.545514227548629105e+00
3.747874867900649498e+00
3.462374779749791021e+00
3.768756189340911167e+00
3.628834236092680410e+00
3.728692506115510952e+00
3.566178939373095158e+00
3.573008666544147172e+00
3.660064980163158843e+00
3.754141989962179515e+00
3.631257280606606130e+00
3.655454982772479600e+00
3.695557950230304645e+00
3.620732283712499111e+00
3.576101838930343835e+00
3.548166086551492349e+00
3.576785270749282208e+00
3.736741330908673220e+00
3.800214805520093719e+00
3.684131732567733408e+00
3.728489659411791557e+00
