9.675357652011622456e-01
6.895589990218821130e-01
6.321317036403225620e-01
5.927464984024332084e-01
6.636048283249136315e-01
6.878760759534138236e-01
1.082150503380510109e+00
6.638383234690873325e-01
6.224588107444058993e-01
6.912271252035604441e-01
5.536451059093621119e-01
5.305238903595803635e-01
5.346791583056237362e-01
4.662143062571555419e-01
6.485217736129088584e-01
5.614468088501797238e-01
4.880127787060862254e-01
1.223873750916322223e+00
7.023004311513886266e-01
7.543480803706885673e-01
5.820686584943933761e-01
6.807505142997503089e-01
6.742146848192150932e-01
7.107872680295348466e-01
4.910267718207100840e-01
1.028231031060731882e+00
8.278493889792843952e-01
6.148780377968896538e-01
8.477306855432660271e-01
1.042535089272579318e+00
1.035442987259393322e+00
9.775181562341523911e-01
8.973929443516494020e-01
1.067554388665297171e+00
5.462470414809857955e-01
1.180867955317614459e+00
6.205065427909016718e-01
5.729290083089889629e-01
8.395146572174374544e-01
8.481040984294964113e-01
7.253363385266751173e-01
8.542431646276074098e-01
6.267060139365653315e-01
1.181991013383686617e+00
9.755670896328232367e-01
5.696750278271369705e-01
5.871576819484332077e-01
1.019463583839544052e+00
8.130654292088668189e-01
4.243203074037065758e-01
1.077502733826266601e+00
9.666108258665038200e-01
7.040651747747889155e-01
9.360174854114506893e-01
5.678287713814481608e-01
9.981503597376851777e-01
8.445894080259213066e-01
7.712022801630532554e-01
9.138947726314157194e-01
1.213113442257731434e+00
7.656547795330392869e-01
9.239912756202046662e-01
8.333081918198146365e-01
8.248659481577252928e-01
9.720561546352749493e-01
1.075034326831257214e+00
7.371075442121315380e-01
9.644782648950053217e-01
7.409381843934191858e-01
7.351085720109692412e-01
8.889913486203719906e-01
5.751222946535002878e-01
9.590415287200731997e-01
9.383607894996474075e-01
8.556320947520098530e-01
7.494613032077656056e-01
8.674797454829058507e-01
6.714612489139542006e-01
5.149299931305570954e-01
9.251197245057666274e-01
1.090984920429078020e+00
9.691847684688024156e-01
7.564302470569141956e-01
1.058831671063556135e+00
1.006912673798264990e+00
9.961390828087566263e-01
1.056295819263949110e+00
4.517875982232185117e-01
9.403858901102943868e-01
8.251362748355004495e-01
8.194670273532659310e-01
7.270139313466269515e-01
6.646932974181166687e-01
9.036820742621833880e-01
7.279585644103260256e-01
6.425250279514072016e-01
7.645259549415489575e-01
8.401624987033001757e-01
7.178182054800210654e-01
8.618832023657378993e-01
