1.487665392115612439e+00
1.473847100046682401e+00
1.495790254507056716e+00
1.392585749700978370e+00
1.517659693050966485e+00
1.448008721040540125e+00
1.466616560075800546e+00
1.603369107772442570e+00
1.404531139886002533e+00
1.423806816069468351e+00
1.523215331254901050e+00
1.498546469046988960e+00
1.645373042051759827e+00
1.702393758893335773e+00
1.512046265796457067e+00
1.461277149947516563e+00
1.402635965889591940e+00
1.498280349476253548e+00
1.561037296798065910e+00
1.574734835513569298e+00
1.516889842878929917e+00
1.416889583814713305e+00
1.548346177454215766e+00
1.585844040495408391e+00
1.558949903596570374e+00
1.545498558321641847e+00
1.539927418222291067e+00
1.718361648562503730e+00
1.526154070379114547e+00
1.569632479773066525e+00
1.563971659515255963e+00
1.584914682788060691e+00
1.596415319641814268e+00
1.668337546148924710e+00
1.557897491888793784e+00
1.631919279670191791e+00
1.473606434237946683e+00
1.582666880523147634e+00
1.576758843251102160e+00
1.519086087740850743e+00
1.667443987595141675e+00
1.524518645368180270e+00
1.638543774950696585e+00
1.679322934483516772e+00
1.464252868073593339e+00
1.650530027138754186e+00
1.646749166850652646e+00
1.534537553321323466e+00
1.544885188285864519e+00
1.505689117333379290e+00
1.610064435732563526e+00
1.613875561532794656e+00
1.590731203549985651e+00
1.484896899219082078e+00
1.632743972719545411e+00
1.519921099980964696e+00
1.538767252223232296e+00
1.590738199653660034e+00
1.683325515951969553e+00
1.692028541265456987e+00
1.434970136991051914e+00
1.507254323893080894e+00
1.504107767049010391e+00
1.610625596679847948e+00
1.546094628380642044e+00
1.562747610388714348e+00
1.486137036016805579e+00
1.548661551068572839e+00
1.694447028069984151e+00
1.662737714592769533e+00
1.856597722084347035e+00
1.672812450566510734e+00
1.646125481756545605e+00
1.704526819777131719e+00
1.600443767507509385e+00
1.865731023552070766e+00
1.500948619033468878e+00
1.491570100958091283e+00
1.528382908215305092e+00
1.476790647866415895e+00
1.679924026463745390e+00
1.603229429986817944e+00
1.664303300763982252e+00
1.630666419646319421e+00
1.592915226307163090e+00
1.645916692738397691e+00
1.731874841812204302e+00
1.643998247417123748e+00
1.688172038528183538e+00
1.523813060258914165e+00
1.571454914608691134e+00
1.576053515377556558e+00
1.538824884872767473e+00
1.576227986435821293e+00
1.659790753317687662e+00
1.613678295015683162e+00
1.608545279693788244e+00
1.607737584332343150e+00
1.613854990328829508e+00
1.680539877666673565e+00
