1.709059625154097040e+00
1.632995152207367351e+00
1.519937711818257098e+00
1.473111511689849218e+00
1.563096105448121831e+00
1.604634865294313428e+00
1.554739032050046932e+00
1.626711759682007319e+00
1.666339329950563108e+00
1.688623893685697208e+00
1.623622940988111329e+00
1.680225205326188131e+00
1.700284625512339831e+00
1.730374181031864911e+00
1.704558625899178503e+00
1.708233585323687631e+00
1.644004112133991669e+00
1.537717689874121829e+00
1.515540250860605953e+00
1.521691161417319638e+00
1.614841458280066755e+00
1.608541016995725714e+00
1.659583323299730129e+00
1.684025311605967135e+00
1.684259223756045643e+00
1.756162840226658250e+00
1.685753778538603420e+00
1.640664431191384942e+00
1.696959478414714395e+00
1.646338716359491805e+00
1.604545360673955035e+00
1.723331505277381437e+00
1.803552072261008998e+00
1.725285759480655212e+00
1.933091695250936271e+00
1.844148749844614521e+00
2.076619942038403277e+00
2.115942012920703164e+00
2.072865886000107238e+00
2.076709927956037038e+00
1.791361229707231884e+00
2.176748974501649503e+00
1.880261044726659447e+00
2.031272112025904519e+00
1.687115551893110688e+00
1.758882095821814762e+00
1.618842617961832486e+00
1.557777067688715267e+00
1.540356184681257234e+00
1.446218978222315377e+00
1.624235952636968294e+00
1.651866832689125042e+00
1.739870552827246675e+00
1.718882192242509488e+00
1.541502644044920212e+00
1.528856728878380977e+00
1.608571970106647653e+00
1.447221063828388221e+00
1.490265534571004080e+00
1.527022655115684024e+00
1.533913054609196580e+00
1.518524727769886562e+00
1.577470982960717194e+00
1.543727704621997265e+00
1.703913110620984384e+00
1.562044818176697047e+00
1.719145156152479759e+00
1.589699803219656093e+00
1.559711627300355952e+00
1.450798070685075825e+00
1.472546363134489500e+00
1.541283022422253124e+00
1.545975256636188622e+00
1.498373344878603408e+00
1.579264951873445177e+00
1.624827916942211514e+00
1.705323300650004370e+00
1.618166027913085614e+00
1.702408152810810371e+00
1.806608811383189739e+00
1.558009276552630107e+00
1.615704452203667874e+00
1.493868771905949133e+00
1.506533583147764865e+00
1.728677630583500324e+00
1.619590235248887344e+00
1.602956069180287990e+00
1.616941652431123977e+00
1.650766787241679356e+00
1.591715080927438741e+00
1.631606044924922339e+00
1.768465869174870697e+00
1.790812087320216017e+00
1.780525562425120167e+00
1.694411359576006415e+00
1.640760041970823924e+00
1.786571937877715621e+00
1.729775298754275825e+00
1.731872917776898113e+00
1.822435683578905508e+00
