7.521984628886568824e-01
7.203855305187366609e-01
1.137308104406562270e+00
1.117940867664678484e+00
6.755744343143230690e-01
1.122770443913980287e+00
8.526368190536952607e-01
9.202256196134197541e-01
8.439977758352709136e-01
7.403739925399684951e-01
7.267543116176206075e-01
6.675579624287488745e-01
6.768365281010464418e-01
6.461628860083001857e-01
8.886410968327832505e-01
7.661195934007130059e-01
1.024363816111915071e+00
1.077231407559932519e+00
4.229712070722381201e-01
6.569054472085138485e-01
7.506915068153121595e-01
8.699650561637980450e-01
8.872951397794928141e-01
8.938368598482988592e-01
1.034035147528390430e+00
7.375107198108186157e-01
7.923439133013292501e-01
8.861478524150331326e-01
8.158220257079571436e-01
9.257911535880106735e-01
9.899866429305134163e-01
1.158407611365275036e+00
7.439550175131378618e-01
7.011172988067126965e-01
6.738134784706976133e-01
1.018228833171718639e+00
1.174829618102219753e+00
1.450455367012582153e+00
7.783161514287698646e-01
9.318370851618558159e-01
1.081306637795060643e+00
8.652658106241050140e-01
9.041587997205222660e-01
8.442639634570017204e-01
9.584298217962807787e-01
9.818706351330337423e-01
7.625586605285233910e-01
8.958058539519057062e-01
9.382169934490466323e-01
1.320187133281392367e+00
7.219394218351530279e-01
6.295981588289591979e-01
8.622311828728900229e-01
8.615938304629846556e-01
1.260797073995458373e+00
8.024932989829320906e-01
1.477364608902367538e+00
1.386986216402607885e+00
1.033912145152709794e+00
1.535381024674258299e+00
1.314553321735957958e+00
1.392560223089486238e+00
7.771628991141600329e-01
1.231419550272280006e+00
1.015390145074404726e+00
1.095661928786575867e+00
1.148516043889973970e+00
1.611895010033717934e+00
9.028379212130371867e-01
8.479538946889894069e-01
1.046705301457234727e+00
1.013361421549711761e+00
1.163966159086027075e+00
9.792678545208514107e-01
1.071083682383108249e+00
1.224112192513937547e+00
1.333265396806908809e+00
8.702941136337368766e-01
1.098908556236753542e+00
8.456987444710052371e-01
1.278245426171692678e+00
9.820488028740116393e-01
8.763161548045043103e-01
8.157475957875527373e-01
1.172241080157589765e+00
9.412124367157508331e-01
1.038050126087552982e+00
1.147036609275787544e+00
1.156897463552690075e+00
1.336509744764438734e+00
1.139005152971237056e+00
1.004510612549135873e+00
1.251772897857110101e+00
9.066582172851201937e-01
8.934493519486629287e-01
1.119570668800305313e+00
1.304314478805892019e+00
8.978903509581611653e-01
7.399369395468076149e-01
9.589342110971958988e-01
