8.207777847088297829e-01
5.749200308137176751e-01
7.826023523969863893e-01
8.318612275915260312e-01
6.007945117759950771e-01
7.534113069833263676e-01
6.619510511653492468e-01
6.529924006347751497e-01
9.046956187557957385e-01
4.119174716444040651e-01
4.194787524612824114e-01
6.358290742696978137e-01
5.884872875417961335e-01
7.195307255736698160e-01
3.711563304798055074e-01
5.488419405858953048e-01
5.378614871457846336e-01
5.407947261956604912e-01
5.980272799323509414e-01
1.037200769855788574e+00
4.232013083208315818e-01
2.631849726616207752e-01
4.915222560848992450e-01
3.250479697971757065e-01
3.858462527432403033e-01
5.598411394963155319e-01
5.037588755245209216e-01
6.642790965925771118e-01
6.228747661834493909e-01
5.400904374096106020e-01
7.817561928750491607e-01
6.333896012423939625e-01
5.068128224418754213e-01
7.345147967855285565e-01
5.077453256445084717e-01
4.363292813601624687e-01
8.551944035160684576e-01
1.052045730023017933e+00
6.477343002934448091e-01
3.441406565894339908e-01
7.544356813682895346e-01
6.905454253519041075e-01
5.498513916408991342e-01
4.648246347622072561e-01
3.921671214019629703e-01
9.860551224621756372e-01
5.184684902563122533e-01
5.915711027180559078e-01
8.066394210683793808e-01
8.780681670959485929e-01
5.850357483514686541e-01
7.262974465369785859e-01
4.079161124821365503e-01
4.986959541813828500e-01
4.092048626514008247e-01
5.329620954868892202e-01
7.592591057652640085e-01
4.840690652662137383e-01
3.538382137670439409e-01
5.124283095323556303e-01
7.734494142001639982e-01
6.061509271329615922e-01
4.663199961361992885e-01
5.291391313852216172e-01
7.810967840397482487e-01
5.900040417326792852e-01
6.328799348482430087e-01
7.233363932900024329e-01
5.680075026679207717e-01
7.765995511862376910e-01
7.126873470760017870e-01
6.414173669744251960e-01
6.253617209320457837e-01
6.120823092719059888e-01
5.354399853686208077e-01
4.839976931765260781e-01
9.503431334849724577e-01
5.568325678175219950e-01
6.663649138275740125e-01
4.285684805820351162e-01
4.010945204459934188e-01
6.683059966015169051e-01
4.596192501155585419e-01
6.269133602385047466e-01
6.672670428900441264e-01
6.476300469830305051e-01
5.658296078426885423e-01
5.836971588658906862e-01
5.935949999665102172e-01
6.790400670284716389e-01
7.217560401699602002e-01
1.328832944369519264e+00
6.623601872613216202e-01
6.732921921225020201e-01
5.599317921665212250e-01
6.578059891976369977e-01
3.681628346016267428e-01
4.824936136446714152e-01
4.043492482139864341e-01
5.922935077344064769e-01
