7.245424462363276863e-01
1.038986343065210427e+00
1.062991824269279295e+00
9.174079428798067593e-01
6.730288380349734867e-01
7.056774703478877475e-01
8.660276504961950117e-01
1.024760153991063349e+00
8.680664858065969547e-01
7.546205133140129195e-01
7.852372470286044237e-01
9.678411045411419167e-01
8.861307328025671559e-01
8.867405602725976221e-01
1.023989699765811112e+00
9.058388378950416042e-01
5.726073594099624353e-01
8.342439349060036813e-01
1.375199234111507129e+00
8.207633913497438538e-01
8.383194724588429736e-01
9.247691946243253858e-01
1.059409928955927782e+00
9.064320455829487644e-01
5.961998340536982521e-01
5.705353324943200910e-01
6.702646185013269031e-01
9.426886883654149729e-01
8.122415565504786938e-01
7.111502909513010007e-01
7.392739335908309339e-01
6.625116412457126014e-01
9.467713289953331168e-01
8.417873240264148738e-01
6.589574177546463352e-01
7.165507937504173031e-01
1.106243817329170653e+00
8.689910148435318060e-01
1.040006192965794218e+00
1.909549785505966657e+00
8.467886280012235645e-01
1.031283889029744882e+00
8.986206366124109834e-01
7.590296159047773550e-01
6.339117511891270151e-01
7.629743064704219702e-01
1.444063188467564984e+00
1.393280432895878773e+00
6.535108240472481400e-01
1.182871143010132631e+00
1.189826124656789608e+00
1.139773923329028049e+00
8.368907722821258277e-01
8.060411757753137563e-01
9.586421289230394605e-01
6.921463120619442133e-01
1.033446808803535566e+00
8.591950875568420409e-01
9.633509212166236901e-01
6.039338256994523091e-01
6.654740211974490283e-01
7.937018546952202547e-01
8.419947568982755204e-01
9.833362292578947672e-01
8.849934005936260784e-01
9.525938867028311829e-01
1.160021297711387067e+00
7.319812965315971587e-01
1.232624034847431549e+00
9.875559692756691321e-01
1.204274172358484440e+00
8.235160023325261980e-01
1.058697668848791906e+00
9.993543438833515369e-01
1.136298217922368403e+00
8.103008285236023012e-01
1.171300685101809513e+00
8.742577501485230274e-01
9.593754085350678640e-01
7.621742662357448017e-01
8.272529370471578547e-01
9.857753950930991937e-01
1.109397516623784163e+00
7.237466920410164928e-01
1.010428538838980206e+00
9.922555242242556695e-01
7.685224076675652993e-01
7.263519817144390434e-01
1.190331663879317103e+00
9.521950280256427090e-01
6.875861620811067887e-01
7.847586694664124840e-01
5.533787433385813914e-01
8.321769021373991437e-01
8.325866041522094196e-01
7.249167286200620675e-01
7.804540169383081816e-01
7.625132664117661996e-01
5.385385330066619902e-01
6.406831210662581322e-01
