3.657254859574272654e+00
3.564206841929002945e+00
3.660297558818946584e+00
3.604865025716672111e+00
3.529658631673810998e+00
3.635258035453488912e+00
3.557984314392286684e+00
3.923559824161841014e+00
3.774080742057227322e+00
3.551963994102664390e+00
3.655342232216027387e+00
3.661974851157081545e+00
3.539688002959034296e+00
3.745026193880247156e+00
3.443862584856086873e+00
3.689248197385334826e+00
3.507901904228614587e+00
3.947855392167042954e+00
3.828419264373136510e+00
3.556111474424337615e+00
3.543615047270795682e+00
3.664482895589784128e+00
3.805348253975035178e+00
3.731333199295193026e+00
3.636973338696655400e+00
3.581396062537420821e+00
3.528432951778420978e+00
3.598457174311133766e+00
3.604226787692129008e+00
3.374751502998361463e+00
3.518839388757917241e+00
3.511991308044771998e+00
3.714725986697910987e+00
3.545304163857878166e+00
3.752059821599755818e+00
3.616900771999867370e+00
3.922364242197630357e+00
3.642929744163256434e+00
3.469547979275010796e+00
3.508974421206798144e+00
3.846959493806712871e+00
3.611065154658586795e+00
3.578393477848764270e+00
3.916913206398269676e+00
3.620979315137328847e+00
3.694885940561307702e+00
3.451546032460170998e+00
3.525699120425631605e+00
3.719225633142630993e+00
3.651405708084261459e+00
3.478981553275681371e+00
3.846371173509604890e+00
3.429877744560843933e+00
3.626594598084479593e+00
3.506253415240997651e+00
3.465202877617851396e+00
3.832016364122128316e+00
3.925046999285792815e+00
3.701784358922718177e+00
3.626020377189468125e+00
3.574255584149845344e+00
3.703855312631781249e+00
3.733206774237187275e+00
3.512139263832110281e+00
3.580090104558857789e+00
3.646436264025478380e+00
3.591656021574542113e+00
3.502972071299325751e+00
3.506373964640589591e+00
3.697713590942065309e+00
3.668364717371100703e+00
3.555869674134216840e+00
3.450079399546589709e+00
3.566393402487518127e+00
3.745499710211614541e+00
3.505113147750082536e+00
3.520625278833243055e+00
3.571043798896546662e+00
3.753163892964478165e+00
3.589068771332630803e+00
3.673589458463559332e+00
3.715822601122331204e+00
3.537298367461529924e+00
3.569777046649549312e+00
3.716150533681894519e+00
3.581544689655943969e+00
3.623188423347568854e+00
3.636789565219460396e+00
3.554730283844997896e+00
3.527568611036099089e+00
3.505359854790609742e+00
3.791066836039427734e+00
3.611919069010184113e+00
3.633335937791928760e+00
3.650365367466820388e+00
3.687231991033514511e+00
3.500829239223920641e+00
3.722031246394627235e+00
3.517834672437760268e+00
3.756800269583262519e+00
