1.764812145559801593e+00
1.631198661279181339e+00
1.652255151203059436e+00
1.430467731837842926e+00
1.448863037083003569e+00
1.486000091234244369e+00
1.587072378250186322e+00
1.555414797784102854e+00
1.602071345764991328e+00
1.573342438385184838e+00
1.435743829721959797e+00
1.487220221771886619e+00
1.338014855960653726e+00
1.595595212460537482e+00
1.551262806639684078e+00
1.507432513270111629e+00
1.524057851593644486e+00
1.609986734643286788e+00
1.400135358307327049e+00
1.460089840810287809e+00
1.651863795200376961e+00
1.622884075245082824e+00
1.487303060365426699e+00
1.543845871206887210e+00
1.495070090762697257e+00
1.477283737079788439e+00
1.638416085176274573e+00
1.675597083324869674e+00
1.706726255307952966e+00
1.566638664608874132e+00
1.474162390341001050e+00
1.507605486542008322e+00
1.469455678453292835e+00
1.615285813923522884e+00
1.471763967137602602e+00
1.534200551695290127e+00
1.519674863776315998e+00
1.605734176964187299e+00
1.683048307470193405e+00
1.540832771538864554e+00
1.432053001511865764e+00
1.509692276943005673e+00
1.428310191147181385e+00
1.583543386532388242e+00
1.492079612978050029e+00
1.616534188043400100e+00
1.665016530422606333e+00
1.594569876159097399e+00
1.621975324067709945e+00
1.613672529625850727e+00
1.673754515756615380e+00
1.673086745301442857e+00
1.526023989643136902e+00
1.546768720172919442e+00
1.568625604576288080e+00
1.512056683203215623e+00
1.663967901556172801e+00
1.889653808374639921e+00
1.719606174097576989e+00
1.757074429501837010e+00
1.628804307816012598e+00
1.681603774169659671e+00
1.657132848817719051e+00
1.676764849275087288e+00
1.716678610867140575e+00
1.794011566959238024e+00
1.895331026394635465e+00
1.775841839002308964e+00
1.713318674925564444e+00
1.761668697229931801e+00
1.694147564218036361e+00
1.955612952864580256e+00
1.885182762683616398e+00
1.810234659087171183e+00
1.859380739316442765e+00
1.616969789696654392e+00
1.754898561429690806e+00
1.819698723763699233e+00
1.539688011609326113e+00
1.477310362647016539e+00
1.497385521173320688e+00
1.423171681559246116e+00
1.499484816052064851e+00
1.467973577121266970e+00
1.503807158405603195e+00
1.518889016051753194e+00
1.409025202018700407e+00
1.535197653353381764e+00
1.589146584070977752e+00
1.441765880079180384e+00
1.499264135536216402e+00
1.529245523211885116e+00
1.492165649929987570e+00
1.498327011714766899e+00
1.438424209656886443e+00
1.536681879492511227e+00
1.491126032635589294e+00
1.516668952904267176e+00
1.501230288452846784e+00
1.470367241292514171e+00
