1.490940199031964397e+00
1.480357808248298879e+00
1.600955903615620013e+00
1.547119366605490764e+00
1.444873905003372094e+00
1.779492992670056228e+00
1.642953729911690752e+00
1.701678638496897822e+00
1.647105377506356660e+00
1.440929864509357117e+00
1.630227585539079982e+00
1.547982963615057272e+00
1.539072293127005109e+00
1.700937531293697624e+00
1.733355548401795287e+00
1.949522559409875733e+00
1.746789736900050904e+00
1.836236295338920410e+00
1.624925563250733784e+00
1.672688025382817578e+00
1.630626132885534263e+00
1.587419576530824994e+00
1.749610058335182128e+00
1.801078199319766204e+00
1.803362978818632945e+00
1.795890901305561949e+00
1.640978184900090842e+00
1.759347852101794674e+00
1.799639035706768642e+00
1.736722851245619204e+00
1.834750657137415475e+00
1.875702915963268103e+00
1.678272238638505609e+00
1.851007629531761678e+00
1.641393061084145844e+00
1.716039981167259976e+00
1.730167889932490599e+00
1.812559157374834973e+00
1.804297375781608981e+00
1.864101998741227284e+00
1.758025175543875829e+00
1.731268970150815267e+00
1.764552562955707282e+00
1.903432515688035176e+00
1.683162595778143089e+00
1.775380957831888207e+00
1.765717913149714935e+00
1.780001047228727096e+00
2.073088150407168317e+00
1.945860238008193743e+00
1.797730265132576832e+00
1.987405189274945805e+00
1.980659780928665903e+00
2.028352848915174533e+00
1.984996118625155681e+00
1.955342185678295319e+00
1.853980149515945808e+00
1.901963074940281162e+00
1.797393342672007899e+00
1.787958384872120998e+00
1.915490001607198955e+00
1.813011349114466153e+00
1.961565308522688733e+00
1.967983933055055479e+00
2.093807257462768412e+00
2.176690718031126348e+00
1.809604461090063232e+00
1.780498511564423403e+00
1.847263554296258103e+00
1.741872131693814385e+00
1.930976274244006197e+00
1.830815585273926516e+00
1.892329971349145490e+00
1.980431774046811144e+00
1.906483144802897822e+00
2.081658808022587070e+00
2.108807090912635740e+00
1.998160877226897503e+00
1.993784954509643992e+00
1.995224484278891985e+00
2.132636862880695983e+00
2.026394569501531073e+00
1.891086054935863903e+00
1.942294678573865063e+00
1.932359921620257381e+00
2.028881421505632332e+00
1.964039783951763596e+00
1.881340620955293197e+00
1.895380774861551876e+00
1.722249757918747903e+00
1.705325873497982814e+00
1.943644338536104410e+00
1.894399955072324948e+00
1.967981202368775273e+00
1.878404268135129618e+00
2.033780814993239705e+00
1.865889412559998961e+00
1.773692356391833203e+00
1.818782739831310780e+00
1.813735251322172282e+00
