3.636533230629374280e+00
3.550135987357304845e+00
3.566109946967146005e+00
3.318428807388611901e+00
3.451271092967193699e+00
3.640819498655297082e+00
3.504879716163767256e+00
3.844648330220320709e+00
3.531793366330623574e+00
3.610393440177540381e+00
3.570181173744864100e+00
3.590925672482180975e+00
3.543202754498851359e+00
3.459348159984070747e+00
3.498110937068457105e+00
3.622979380277119521e+00
3.558980270644509059e+00
3.646349924346668825e+00
3.570695401244881495e+00
3.525689914173538497e+00
3.434745181214462040e+00
3.528807298367823364e+00
3.425315185850993149e+00
3.496713594733214414e+00
3.469700414097649954e+00
3.478566014064134126e+00
3.484593382355722024e+00
3.726665389586459654e+00
3.614626389267177053e+00
3.784499277005594742e+00
3.641610012923622186e+00
3.444231029474099870e+00
3.473872755288685443e+00
3.315911021232107458e+00
3.574405082904150266e+00
3.699323678003495708e+00
3.629750910634082395e+00
3.425460299388320529e+00
3.586607719115467496e+00
3.578583467349008451e+00
3.551987031549245444e+00
3.582844173164278612e+00
3.604625077074279815e+00
3.506955314059227113e+00
3.630705923186864581e+00
3.562455977105045690e+00
3.754250617423829262e+00
3.576566370458754918e+00
3.475106113764124149e+00
3.595309719011110960e+00
3.660379349624501177e+00
3.676630228325772354e+00
3.644354219973851894e+00
3.620179531271053630e+00
3.625369302406583838e+00
3.443448846580007938e+00
3.423626967884449535e+00
3.516101508620243621e+00
3.593443639951455548e+00
3.492843211120278291e+00
3.528898636044053738e+00
3.477242410564842512e+00
3.561949074249084912e+00
3.629008935662973556e+00
3.615429490524604716e+00
3.603503352542754001e+00
3.695466663072712876e+00
3.746794369476362796e+00
3.358502686045748309e+00
3.487243697355762340e+00
3.858036583759526295e+00
3.543355681092225318e+00
3.586532033442660250e+00
3.551382885660147704e+00
3.489023277037569759e+00
3.556445633691674324e+00
3.615916734098437058e+00
3.751977166333600344e+00
3.499547824809166929e+00
3.524262131619386285e+00
3.561934658091271633e+00
3.584765029262953817e+00
3.558082333976874345e+00
3.615324639800974627e+00
3.506831029795391075e+00
3.499080706471181301e+00
3.511200059577670451e+00
3.398174852198558860e+00
3.559692977683605708e+00
3.505668294695813092e+00
3.759121275789249594e+00
3.637896472844166063e+00
3.643419375125492632e+00
3.672795501709278820e+00
3.581537586182943045e+00
3.434161340925078854e+00
3.647441971727983567e+00
3.595315728619582707e+00
3.598427062405600285e+00
3.699314748345057247e+00
