3.734891262849673765e+00
3.594753229031460773e+00
3.775111818086203996e+00
3.703789814080162834e+00
3.623996443004351864e+00
3.507194393319235992e+00
3.556081059927421517e+00
3.650500488557812506e+00
3.570432537287948627e+00
3.538802046625548758e+00
3.589259372577208840e+00
3.610867498184240354e+00
3.805589165370328875e+00
3.613561472711159794e+00
3.862662852071436337e+00
3.707563439566390784e+00
3.641925516717675837e+00
3.503944251769417040e+00
3.507963991891766664e+00
3.722132710615740248e+00
3.466797586532468500e+00
3.453690512188491102e+00
3.465954687458753014e+00
3.494206810952042108e+00
3.576381647396872143e+00
3.635186603655292448e+00
3.711862387484038628e+00
3.709665768203115999e+00
3.584558782825289835e+00
3.568715797734328454e+00
3.638266204820251204e+00
3.721292770937427274e+00
3.631753268607056828e+00
3.662294827159377153e+00
3.570739599542106291e+00
3.730898546071185429e+00
3.546868881232582371e+00
3.798948674380105306e+00
3.699960562703668909e+00
3.585546305644366605e+00
3.500822340977737035e+00
3.592269898224536018e+00
3.791955168526778941e+00
3.682553959810909827e+00
3.663945084031330790e+00
3.741673947935518996e+00
3.478500705963690542e+00
3.493980764077880607e+00
3.569424795078901536e+00
3.661669241055467428e+00
3.920448179807669131e+00
3.735521462199538956e+00
3.506708988900189006e+00
3.420732888213401601e+00
3.480409331097903181e+00
3.558429526886750960e+00
3.609641705565793224e+00
3.568072782007041699e+00
3.587287362240499711e+00
3.555350610386592614e+00
3.580390499246805636e+00
3.656206263667152179e+00
3.390822569640344675e+00
3.590495221826328631e+00
3.551211893249032414e+00
3.612350011946027450e+00
3.666266011720674012e+00
3.814368154694013580e+00
3.562996105065768138e+00
3.555944078945443287e+00
3.652926556036008243e+00
3.570313236747914232e+00
3.708587300874236270e+00
3.564955399613497278e+00
3.662197958307982226e+00
3.664303555053781913e+00
3.632946260779123637e+00
3.569123138710353249e+00
3.553653017719809348e+00
3.542964341835477704e+00
3.476913696639357010e+00
3.616590426224916222e+00
3.709941746355573056e+00
3.603184531305540172e+00
3.492385450794882829e+00
3.434700533866158256e+00
3.560130307871821387e+00
3.640829769791646520e+00
3.705183523402429735e+00
3.629727060784993409e+00
3.688438297524563314e+00
3.472781054389827649e+00
3.761847474596955898e+00
3.468693374841189225e+00
3.570043193272391502e+00
3.558525139718590413e+00
3.472300045408716951e+00
3.816699113262620457e+00
3.548961727448638470e+00
3.729312705480426704e+00
