1.607690402968149357e+00
1.590389349443491085e+00
1.654432991962239585e+00
1.628094251752050026e+00
1.677997140001114218e+00
1.834454306321893657e+00
1.803482779303057448e+00
1.630906663728937556e+00
1.701935784953186648e+00
1.795902297382303114e+00
1.814418870717037668e+00
1.755117777928989042e+00
1.730466250193292144e+00
1.807436117227660288e+00
1.725091657380976695e+00
1.769683753638683132e+00
1.771916652431929418e+00
1.790189424201132251e+00
1.819903843028743529e+00
1.846870820810803560e+00
1.798798659544524448e+00
1.915280530878590737e+00
1.862577428234193366e+00
1.832845012216725245e+00
1.626468269118249044e+00
1.725905354024239280e+00
1.705742140560890130e+00
1.669905685239715387e+00
1.795210743801713527e+00
1.583571004107279023e+00
1.665068720699439231e+00
1.662690472735187885e+00
1.651735683925597886e+00
1.708279362860315231e+00
1.688778428541233723e+00
1.661095505598029209e+00
1.694378766603779285e+00
1.699740852454036499e+00
1.715536738743219214e+00
1.672210544749134220e+00
1.722143529665506545e+00
1.771986378211007018e+00
1.884048910289117362e+00
1.732480021751154897e+00
1.779157740675234578e+00
1.868355260092874337e+00
1.779599647392150263e+00
1.834955964772226666e+00
1.828079119295904498e+00
1.719165900802040126e+00
1.902650005471176131e+00
1.794051107308234139e+00
1.807641587383155724e+00
1.843753436651658584e+00
1.858506355111949171e+00
1.991239080720001775e+00
1.804568593805762733e+00
1.915954243452614891e+00
1.757447858293254006e+00
1.904306092352701762e+00
1.904851621517508420e+00
1.879859568815904325e+00
1.748332446838034793e+00
1.842650383079978971e+00
1.894552266288929365e+00
1.787167484372649495e+00
2.087410490566657284e+00
1.950893669630676008e+00
1.927299484234517246e+00
2.051983243389822853e+00
1.898674177411857844e+00
1.843784819351575566e+00
1.753501994357000715e+00
1.961627527272128857e+00
1.915519208476620827e+00
1.903934445146837184e+00
1.917705411141594762e+00
1.896642549183163995e+00
1.771354938927825362e+00
1.822491319397530285e+00
1.855299475201698689e+00
1.780044023418829280e+00
1.847752329579523733e+00
1.727784539394156216e+00
1.845208473993361409e+00
1.805432531737185542e+00
1.937208643303749867e+00
1.725922514753738257e+00
1.849313319626849417e+00
1.872530210565944042e+00
1.852211190724396994e+00
1.856814577610371719e+00
1.746201136994319558e+00
1.902505265164417425e+00
1.913474762567893173e+00
1.898163532303962286e+00
1.819340206963819817e+00
1.889837661717939765e+00
1.800138223162202289e+00
1.882163493123803599e+00
