3.700123360346572188e+00
3.486858550982785854e+00
3.584483807803149347e+00
3.570760040954558789e+00
3.651407354357893542e+00
3.538037282911263404e+00
3.628008892234021676e+00
3.519047138312938028e+00
3.697360599090079081e+00
3.614500399175116119e+00
3.517318040547856572e+00
3.871721375056957459e+00
3.559792089240578772e+00
3.555724473605578861e+00
3.676820870731300595e+00
3.620265674432080250e+00
3.661518526862409306e+00
3.815601436843051530e+00
3.688204699180811286e+00
3.551071902071416542e+00
3.702576717855486699e+00
3.428133428876503519e+00
3.653282741867891037e+00
3.700496532065935096e+00
3.545511980599930446e+00
3.748188821426379658e+00
3.648620254425599008e+00
3.514210690382820523e+00
3.558702921374669703e+00
3.595776492521053580e+00
3.503516953270175982e+00
3.707006676693716862e+00
3.352704845932165778e+00
3.437824011589476036e+00
3.722246963497404248e+00
3.406167602933260596e+00
3.511763236780669484e+00
3.511000889765247379e+00
3.511621607665952993e+00
3.613007625984715254e+00
3.587296761994123173e+00
3.369054274241229940e+00
3.584537590672824958e+00
3.572617237649864386e+00
3.711526968856198039e+00
3.666322948629610945e+00
3.459362613029275391e+00
3.711132509729839324e+00
3.519873551177039595e+00
3.521019531959710847e+00
3.539253935643119409e+00
3.433529204249161193e+00
3.534229780346465954e+00
3.452451113320971210e+00
3.570131869320482654e+00
3.667912537960252628e+00
3.789992204292313538e+00
3.505428331744389059e+00
3.705695315276664736e+00
3.595066731842955221e+00
3.617615983721827799e+00
3.706742035882499842e+00
3.881482739442120522e+00
3.532963265374796435e+00
3.539256231957633059e+00
3.628456764222592668e+00
3.507196096242493066e+00
3.504125288198614907e+00
3.601921161206548483e+00
3.749576305259774145e+00
3.596667730306206234e+00
3.536838387375973891e+00
3.467807885887169927e+00
3.535772118868363290e+00
3.644552697713335121e+00
3.705604499096789795e+00
3.624328661964414167e+00
3.597515860080175543e+00
3.444787133715283112e+00
3.553256210931579062e+00
4.006390523540436455e+00
3.548529376625913390e+00
3.687186468543041329e+00
3.828415295299528509e+00
3.674929004519851716e+00
3.635406134518823773e+00
3.710885776037550432e+00
3.749276787866745675e+00
3.647695290212679797e+00
3.612149649201129797e+00
3.572363073221012542e+00
3.518841585189231846e+00
3.749020795276519991e+00
3.596409333653782792e+00
3.801787684502790032e+00
3.417989148362737595e+00
3.631495453939015849e+00
3.536540703203578495e+00
3.521291575774412319e+00
3.687523442254397654e+00
