1.494255320340502902e+00
1.623868675017902330e+00
1.698220694113090179e+00
1.466766191205681524e+00
1.496089644396761731e+00
1.458495981037991385e+00
1.494854082258877614e+00
1.409902685353768392e+00
1.536047036608810590e+00
1.555125580064590007e+00
1.526263796585138888e+00
1.607163514707503849e+00
1.496047017239574783e+00
1.539654937692423564e+00
1.471659110075421273e+00
1.474024401209156565e+00
1.470233656878712436e+00
1.485505309983341515e+00
1.494532735997686990e+00
1.813506536353815646e+00
1.612638655836855950e+00
1.641999180662477187e+00
1.546669003217718164e+00
1.565070344662860879e+00
1.565062236951216823e+00
1.726284070301725038e+00
1.734579310874279967e+00
1.707185162471960505e+00
1.649803468641511728e+00
1.731399222429679030e+00
1.682464729382964430e+00
1.549712385851548690e+00
1.562293738210550842e+00
1.550776843820758533e+00
1.684106632082732924e+00
1.583617027285459056e+00
1.727673085222995564e+00
1.574915549245554658e+00
1.634205671656685954e+00
1.712383548083084017e+00
1.702786800849788618e+00
1.642433503498220482e+00
1.685601762907011247e+00
1.702621958216394837e+00
1.705909320930551809e+00
1.855799051752282658e+00
1.704717755833543569e+00
1.734730592546670502e+00
1.776148373627647326e+00
1.849476759787154867e+00
1.812714953906350956e+00
1.818574358557215831e+00
1.630153432926206181e+00
1.752111282720891561e+00
1.710694709345318865e+00
1.652463277284121457e+00
1.741053456071097738e+00
1.680261943991181672e+00
1.706390987906720946e+00
1.658356798710374891e+00
1.675650959434242582e+00
1.617796910637440577e+00
1.616186489076059996e+00
1.718255419071360146e+00
1.796401077667834079e+00
1.799444834577755836e+00
1.763434588373228751e+00
1.706189404028600753e+00
1.726044316143940494e+00
1.775474538811931291e+00
1.718853742270873841e+00
1.734418921767028055e+00
1.752553510311918750e+00
1.724888524028387549e+00
1.718330413256657252e+00
1.679564796119438430e+00
1.625855552051497233e+00
1.715602450772878873e+00
1.691345168868776172e+00
1.721833524224073875e+00
1.717356723836252819e+00
1.674881520735439056e+00
1.583873669107388693e+00
1.846330100540758190e+00
1.626160584777010865e+00
1.516827560172649081e+00
1.580306847226055966e+00
1.515049602932253769e+00
1.516928669407163532e+00
1.647933289244636779e+00
1.645505683629505445e+00
1.578499712220928330e+00
1.528511598970257790e+00
1.639952352940392322e+00
1.643772675535114747e+00
1.750983239777609501e+00
1.614582349253321114e+00
1.653771346083117599e+00
1.668928341578030494e+00
1.675739923829072220e+00
