6.170836762894930105e-01
9.256514879713595434e-01
1.117979682805984698e+00
8.426347057917156214e-01
8.381011831282718649e-01
8.703961474846195756e-01
7.676433850476430676e-01
7.892724590539452745e-01
1.261727486883379878e+00
7.912830601052648349e-01
7.682240200628126514e-01
1.029574702518281093e+00
9.506234268343582983e-01
9.905256277758128780e-01
1.308852760249612945e+00
1.130310283544848637e+00
9.000266676910428920e-01
6.416557080109678290e-01
1.031011580381404169e+00
9.003247658444564205e-01
5.652439065521487338e-01
1.175305426303372425e+00
9.928733047745507134e-01
1.185777580719562962e+00
1.075347134353060952e+00
1.356537434326281266e+00
9.849294970744544298e-01
9.027853378258909878e-01
1.661901448125378433e+00
1.179929201548219009e+00
1.058961326962497784e+00
1.050101995105849229e+00
8.941897333274980708e-01
7.810088343079220063e-01
1.053652153437333316e+00
7.520426658247419960e-01
1.065716927775486988e+00
9.118862013161134206e-01
7.440655814636358834e-01
1.083119330720804463e+00
8.958495353205435663e-01
1.007314722507669513e+00
1.005726179696419642e+00
7.570508042923748127e-01
9.003818887608405763e-01
1.299214526091025501e+00
5.859433260150299638e-01
1.001793297649072212e+00
8.779720040060839947e-01
6.895814348530234783e-01
1.548618536018030456e+00
1.397923578021402102e+00
9.356745162719323217e-01
1.480025845277571195e+00
1.145646501421949903e+00
9.140684228962053792e-01
1.235025388393712342e+00
1.120929072277827121e+00
9.899613705123275764e-01
1.165642477404647215e+00
1.121157947627252183e+00
1.439808939811756838e+00
1.023037262170051642e+00
1.560210791848001488e+00
1.203563310061871228e+00
1.422220625526316340e+00
8.009274991936119470e-01
9.515987381190097461e-01
9.897576695821538317e-01
1.440730016068682673e+00
8.899046990968096926e-01
1.361649368647361413e+00
9.256852836019445752e-01
8.900982923536991942e-01
1.281346909952542745e+00
1.497939984319849538e+00
9.071786212977455133e-01
1.102706337745914755e+00
9.838416105802049172e-01
1.009633899599003515e+00
1.146527528362912829e+00
1.065945158445685381e+00
1.034452761387840480e+00
1.155689816334706022e+00
1.232504829329638785e+00
1.847777061125925213e+00
9.982051966106592067e-01
1.176854827416618843e+00
1.319262059183591740e+00
1.614495352550126217e+00
1.165381026686530763e+00
1.496202776719621763e+00
1.185237501129557725e+00
1.447564255324550686e+00
1.076967422607548075e+00
1.233207876809644388e+00
1.561365680584853921e+00
1.123475897370049381e+00
1.519834204639951558e+00
1.088781824185134361e+00
