6.381071281437279419e-01
5.391573710049655244e-01
5.113286874223050837e-01
6.004502828237801015e-01
4.698082924534567884e-01
4.447012068433501830e-01
8.206777055817439104e-01
6.520594516827037390e-01
8.407284057582531389e-01
7.481293981981224084e-01
4.731635491055395937e-01
6.894046094555525972e-01
7.536588679346830633e-01
4.250799009748404411e-01
5.960796938816288471e-01
7.147709748598397583e-01
4.722760392043012234e-01
5.993621681572697257e-01
4.325683333649037454e-01
6.120167663768347754e-01
4.284666919400452745e-01
8.797670447224424928e-01
4.765665113026167909e-01
4.434750514203599225e-01
7.297066281242389207e-01
5.890205905862632152e-01
6.080150677790391311e-01
8.592965799477644273e-01
8.023011817766599885e-01
5.857834719664282153e-01
6.429650973850574713e-01
8.080416935553339508e-01
7.747743442141405978e-01
6.074920671367186609e-01
7.942967822948228118e-01
4.273092350098545711e-01
6.259176635274441569e-01
8.310884189500061803e-01
2.955768464688079411e-01
5.138000663152997305e-01
6.042111473813167599e-01
5.870448141219726246e-01
7.500067088220699896e-01
3.889028464540509322e-01
6.309233576575515867e-01
5.836607105677064089e-01
5.932012401493764742e-01
3.498603629967012574e-01
4.972544117260159768e-01
7.639264848030360433e-01
9.101291837600457013e-01
8.357678117166231768e-01
6.321237961379757575e-01
3.348634337027903696e-01
7.968035003427538232e-01
6.787758464003476044e-01
7.836661011637960916e-01
4.946569522273194242e-01
9.812288835062794590e-01
8.354306903019940167e-01
9.054159772659421401e-01
6.995742268474465231e-01
5.590507443160791512e-01
5.298924438866994269e-01
4.470405452401375879e-01
7.484445221906966816e-01
9.363708688598594287e-01
7.760047949320103555e-01
1.049404473602771448e+00
9.034330340009023574e-01
1.049291148715499000e+00
8.146591295973687474e-01
1.006636329237721394e+00
6.993660181604486326e-01
6.260729235252637803e-01
7.481141103553775595e-01
8.873102652915865196e-01
7.697933775156114988e-01
2.785466533512563347e-01
7.833861922076861273e-01
9.736810542745674146e-01
8.588327840614303765e-01
4.845730879090092702e-01
1.038842010063555144e+00
5.146426769612170160e-01
9.403182072455245066e-01
8.255170239780600383e-01
7.532694175232196310e-01
1.384612585654798389e+00
8.265281282252069373e-01
5.718014373270539075e-01
1.129283486688303917e+00
3.966464245606269312e-01
8.231514156515613578e-01
8.156514821839466745e-01
1.160042431224794335e+00
1.089254353543547271e+00
9.788380334788091552e-01
8.824621903519511701e-01
5.962475998607447147e-01
