1.715961703516769132e+00
1.823026863620542004e+00
1.597550272975258645e+00
1.520882366527068763e+00
1.835695221934882326e+00
1.761033493416227946e+00
1.469036129719775818e+00
1.744397035891970482e+00
1.628132914586686519e+00
1.937628088645624080e+00
1.829236140796967280e+00
1.937268445441143738e+00
1.653866928681974935e+00
1.501003897602460224e+00
1.509597005959276039e+00
1.435614173034660990e+00
1.355716641473314166e+00
1.393306930933961851e+00
1.475030538490370358e+00
1.550612126089250697e+00
1.477348864306896159e+00
1.575000839213318349e+00
1.574189941865659081e+00
1.679388475174273365e+00
1.605614169653579948e+00
1.612129937513523403e+00
1.646573537800558595e+00
1.708845622155759081e+00
1.701419489145598929e+00
1.785152616663786773e+00
1.594708763555759745e+00
1.589231469185497403e+00
1.506248655722701946e+00
1.544883985234360768e+00
1.519624113487711536e+00
1.449696554567635465e+00
1.460557929898435914e+00
1.447905504014234124e+00
1.454283339806654141e+00
1.547432869776876441e+00
1.922644201778067607e+00
1.655962001817870233e+00
1.584926596743341687e+00
1.751253823270150001e+00
1.583167626675310080e+00
1.628365276527482086e+00
1.659028348413345233e+00
1.700786968601240456e+00
1.684549458738755057e+00
1.609833638262535560e+00
1.621966925364791479e+00
1.735741481245642870e+00
1.687676384334078072e+00
1.739945235878155971e+00
1.692331726096934830e+00
1.581435768878571846e+00
1.632106941404612321e+00
1.782718317027766952e+00
1.595195448390089199e+00
1.754865072795839032e+00
1.664257832729877595e+00
1.658842157155083763e+00
1.566540370082405875e+00
1.612847033155300647e+00
1.594256523998923480e+00
1.657980593111617162e+00
1.585397358977845395e+00
1.609509669508002450e+00
1.506539965778948220e+00
1.656940470924414877e+00
1.698179246795663344e+00
1.624192338384278900e+00
1.581909402055439617e+00
1.587598974895037651e+00
1.743041080978905644e+00
1.718187895726011494e+00
1.704828954377579198e+00
1.659984750507120355e+00
1.590502112953978031e+00
1.725124259926953396e+00
1.663784869554302714e+00
1.618476187370283093e+00
1.681407299650992782e+00
1.665860782476819457e+00
1.586831606771523351e+00
1.656950294443220395e+00
1.585269947071108021e+00
1.596203398058355427e+00
1.653665694800918295e+00
1.644130987017317524e+00
1.698240450536549151e+00
1.536258389571897087e+00
1.564497699818962362e+00
1.598495732254668233e+00
1.571070496981317399e+00
1.554907333125590707e+00
1.827773408121440957e+00
1.579333564502184206e+00
1.723379344100894439e+00
1.566187045209855189e+00
