1.719046070053338982e+00
1.569343089615761411e+00
1.923717698610273974e+00
1.711880923582732583e+00
1.690565978805372627e+00
1.821519360763590667e+00
1.757720995994615398e+00
1.610711241266321148e+00
1.751928911891887930e+00
1.759704678369885089e+00
1.581471410150989243e+00
1.611816896280396261e+00
1.659104508604643424e+00
1.697727239459735582e+00
1.723024770877350731e+00
1.655950748457570842e+00
1.667899920095453181e+00
1.616221845969775917e+00
1.552997731972277862e+00
1.455930757157245514e+00
1.613917403650317661e+00
1.661864587489411127e+00
1.674469548188067369e+00
1.854276325759259381e+00
1.688881302073517832e+00
1.715050708671923330e+00
1.616383163209280660e+00
1.896750945195303517e+00
1.682728453955879555e+00
1.721602874912141257e+00
1.726240055455087186e+00
1.861115200866672481e+00
1.877962423318926488e+00
1.836782579529677717e+00
1.790273879112035837e+00
1.724801723900989403e+00
1.693198919251686974e+00
1.670908222483227457e+00
1.852985491606312873e+00
1.654744481432677938e+00
1.776811868706914543e+00
1.814457574955036900e+00
1.837096175195398917e+00
1.819393418950544516e+00
1.726226991881920414e+00
1.904608580763405223e+00
1.939526400167803200e+00
1.960636015568236745e+00
2.095877835382434995e+00
1.916785507217450002e+00
1.846274663671234828e+00
2.047864891325090753e+00
1.804850597922030397e+00
1.727543219167289479e+00
1.812625536772386914e+00
1.751387850427593484e+00
1.859274655229084638e+00
1.802404642731718187e+00
1.948229233439908059e+00
1.873243877632110754e+00
1.850327316918469078e+00
1.790904008012651261e+00
1.779419878045148673e+00
1.808198613013456413e+00
1.891498263493129661e+00
1.917145570583738801e+00
1.865013955239271048e+00
1.901290600003003428e+00
1.861283110390709705e+00
1.963692620023241631e+00
1.872726077340046480e+00
1.747326926064660224e+00
1.822375982478527945e+00
1.890855872227191981e+00
1.953606093785742015e+00
1.693985603232945447e+00
1.903661183047372418e+00
1.893118174034975176e+00
2.012619646882509272e+00
1.923253712752471145e+00
1.923054871141925748e+00
1.993070464951626652e+00
1.941266507401795183e+00
1.953967688547177284e+00
1.843676836260426999e+00
2.030583200248631037e+00
1.967771472139652866e+00
1.937038725056162258e+00
2.064661511315915021e+00
1.860294910305346994e+00
1.925942230062480220e+00
1.790653384865463105e+00
1.917692215798252775e+00
1.906966017355624654e+00
1.664035467229918908e+00
1.770563140599928476e+00
1.825505729474504513e+00
1.792334513194452139e+00
1.781903070606076334e+00
1.956332801562291834e+00
