1.490800734188499899e+00
1.556196495032081684e+00
1.504292745118730901e+00
1.681277730839852325e+00
1.780998388318300485e+00
1.948397477348781104e+00
1.861674829293973099e+00
1.444092278943547303e+00
1.643527708872302151e+00
1.460293244554138559e+00
1.438102857716535565e+00
1.662081462282843036e+00
1.386945587122296430e+00
1.402344394178038467e+00
1.442014576299589734e+00
1.411662053449975751e+00
1.426587873107901583e+00
1.532991412269574028e+00
1.567470598410478644e+00
1.526422268531143267e+00
1.498719606689484118e+00
1.532084994412276302e+00
1.517966715691017932e+00
1.531152519237645393e+00
1.541630263266218659e+00
1.554772626082389309e+00
1.630747991529578611e+00
1.569919235810773417e+00
1.644011477421264855e+00
1.739993146670117286e+00
1.634295061889552869e+00
1.561755171262727337e+00
1.561165434988267764e+00
1.704247567709320288e+00
1.628318282019260765e+00
1.586317093215009466e+00
1.448531807733012711e+00
1.449817349007505030e+00
1.427102198757565166e+00
1.479307146291497510e+00
1.428368146047598319e+00
1.396866813545075914e+00
1.437521824794204539e+00
1.451469040292857837e+00
1.597718420612544987e+00
1.684344893885268313e+00
1.578920793289257940e+00
1.650631867293784527e+00
1.518043457059071066e+00
1.745099484795094691e+00
1.512396705637488736e+00
1.611272624153809785e+00
1.744296836851779053e+00
1.641749398843513674e+00
1.716097604324845927e+00
1.704243157446517554e+00
1.769626354803862434e+00
1.732138331244009954e+00
1.589435085025182826e+00
1.611904500111316807e+00
1.468663431129685781e+00
1.452462307042307277e+00
1.456647356191643317e+00
1.540240124897704677e+00
1.506296100197672683e+00
1.512745208864334723e+00
1.552103759240655245e+00
1.609115903148509386e+00
1.488925330425787896e+00
1.609119811758789931e+00
1.623470899212156926e+00
1.480309473869565462e+00
1.590357021830059780e+00
1.574324883349938808e+00
1.570860077227155704e+00
1.480301618948550724e+00
1.519071104703089370e+00
1.465172755385496961e+00
1.481402785588391113e+00
1.432948168932121513e+00
1.407951911624156782e+00
1.483091455945803272e+00
1.570344156681632741e+00
1.561747786379918290e+00
1.621512647974156174e+00
1.520059505200906269e+00
1.666151635560380706e+00
1.573801174306979966e+00
1.540762658877103952e+00
1.505100272445742515e+00
1.383250828608906913e+00
1.529125005640289192e+00
1.520044984511541131e+00
1.493181656848369343e+00
1.539350663604276637e+00
1.574942360632905602e+00
1.695862481431395841e+00
1.674146200414711405e+00
1.658957856795182595e+00
1.686107277135019844e+00
