3.536791099896305024e+00
3.416011597775635789e+00
3.495185830442646413e+00
3.381719087051149319e+00
3.598627194205872737e+00
3.568996684340644432e+00
3.767789699938356662e+00
3.567267152450392498e+00
3.607970523983495603e+00
3.601448410662911659e+00
3.615262304456126952e+00
3.565098432638670545e+00
3.501488656258654686e+00
3.626090409892962718e+00
3.816652574671552944e+00
3.541597255028196667e+00
3.559563407925286693e+00
3.520248701513884360e+00
3.503924625004871896e+00
3.636468712219921962e+00
3.928205612252347656e+00
3.456564666229767102e+00
3.507013254613756015e+00
3.617936110128877836e+00
3.837851041893959980e+00
3.417307462573901944e+00
3.443773241174539201e+00
3.686600920934319348e+00
3.510539465234663759e+00
3.681795119674066363e+00
3.510136631785507166e+00
3.491273028721475491e+00
3.478336707036633779e+00
3.973837806283125662e+00
3.558670024648640684e+00
3.394855602138886486e+00
3.679478082219601820e+00
3.681626558937531435e+00
3.376397464776735191e+00
3.597641317154984808e+00
3.598425628284196431e+00
3.572530670953583787e+00
3.519822143222981037e+00
3.647789383086247117e+00
3.642068301154559595e+00
3.494178455081232038e+00
3.673238972836091687e+00
3.557023031199987084e+00
3.628575152756333022e+00
3.630281413073089158e+00
3.617046193907353047e+00
3.601607318498815324e+00
3.617635474420711983e+00
3.535205184589462313e+00
3.485201966674829510e+00
3.435036960267666473e+00
3.619126185702278065e+00
3.618477924665781220e+00
3.570652570059897446e+00
3.671225676844994013e+00
3.530065876938972558e+00
3.487954441283797724e+00
3.596850266261793827e+00
3.570260144899828791e+00
3.586527584658088408e+00
3.457131832189358267e+00
3.641920186921873359e+00
3.648960745849152865e+00
3.580827542981574130e+00
3.822877941608192387e+00
3.745446238680709250e+00
3.589249291496958261e+00
3.595593101475291320e+00
3.498786407760956507e+00
3.529427533900401759e+00
3.602311963477249357e+00
3.728832651022509381e+00
3.634182223464786254e+00
3.716679604929006508e+00
3.516167571604849940e+00
3.508202789847551184e+00
3.521888334635448370e+00
3.430046883285362558e+00
3.578560565561648588e+00
3.705638512393621298e+00
3.549709944761442415e+00
3.434301242649776764e+00
3.589979233713945561e+00
3.582337829101064131e+00
3.538756673339235714e+00
3.618892354540399037e+00
3.509857573301355060e+00
3.540042446638409501e+00
3.520565772294563800e+00
3.442038819061360222e+00
3.539230251588556531e+00
3.684768259144919345e+00
3.570696266388870832e+00
3.606367442413516589e+00
3.617321972365828753e+00
