8.603971264916776551e-01
1.201487076603379833e+00
5.716726209934761549e-01
4.455507348588471639e-01
1.064321510518773106e+00
5.323696885051129035e-01
8.973945337898960872e-01
4.795376817483662513e-01
6.912839746957314402e-01
8.909521821759089910e-01
5.396192079795535390e-01
1.391773684870782457e+00
8.481890110228045287e-01
7.230006690978482142e-01
8.747834899689640453e-01
9.188058148657956004e-01
8.021595920427873061e-01
9.989236412996633785e-01
6.784203769394188122e-01
9.050716937807016249e-01
7.413154433992142911e-01
4.260470935780305557e-01
5.079338277474205743e-01
6.739220162895432908e-01
9.661575209671747766e-01
8.196962478016525111e-01
7.696692061465603141e-01
7.304791741466324373e-01
5.145197097468601211e-01
7.777357409039277192e-01
6.190570103795622892e-01
7.307579616855235383e-01
1.037914822122229408e+00
8.764911745668572118e-01
9.213060225375353518e-01
7.047280575690011428e-01
4.284677856835490961e-01
8.184584257086674475e-01
1.010635883252756440e+00
6.505704292306231373e-01
4.867286878590526555e-01
5.700689739579182236e-01
5.263348292712995979e-01
4.954573878319011304e-01
7.615042358394887856e-01
5.861878611869887346e-01
6.689161852140341757e-01
8.807200847870105820e-01
7.098606933488024184e-01
1.516491438352943977e+00
6.321950908763096511e-01
1.101615238554338516e+00
6.331532911585655565e-01
7.886169887831648850e-01
8.319243137110303721e-01
8.287455637834867384e-01
6.294135141495290631e-01
6.693753747843410595e-01
6.902723266771430000e-01
6.565464071945663616e-01
6.991212569333894455e-01
4.890357591011338934e-01
7.449017883523689765e-01
6.305191615041689790e-01
9.696656418496366614e-01
8.365092266028095747e-01
8.572745186972760001e-01
8.209228637719772070e-01
4.912462564501811624e-01
7.688590197611109289e-01
6.880687943805441353e-01
5.195794479517480413e-01
6.258388552974066821e-01
1.107401783020602437e+00
1.018954901062794960e+00
1.142135898684231821e+00
9.268018125271216823e-01
9.032504067138001913e-01
4.918785132618389011e-01
4.008184195380288806e-01
4.536322603543261334e-01
3.759882236909367625e-01
6.528251867498031658e-01
9.255911618636660787e-01
1.145262098554416408e+00
3.483782500421664929e-01
7.435458242837637011e-01
6.132509897492729456e-01
3.917002562073374494e-01
7.833703539338445765e-01
4.655233474657292647e-01
5.421531861127082408e-01
6.354903671193518067e-01
5.390288024434359837e-01
7.412716833363093283e-01
5.549807085572414644e-01
1.018691739972757082e+00
1.000223517994714317e+00
9.368061927323074745e-01
8.023630923070974585e-01
