9.280819406621738654e-01
6.248948038085255785e-01
8.758576858772163520e-01
1.096709380529170108e+00
1.248821175918984006e+00
5.195755199767310151e-01
7.834000602618832465e-01
6.931006748580305077e-01
6.520849503151522342e-01
8.072229473957520662e-01
8.054578321340285507e-01
7.174431630692420514e-01
9.143594599144707624e-01
5.559868091801916101e-01
9.333032919155628271e-01
8.834118526758466539e-01
5.516738274982820878e-01
5.307598688115435781e-01
8.529816322763951186e-01
7.920400200717749861e-01
8.555983609044289784e-01
8.428914410916898969e-01
9.384111061123523445e-01
6.410560539847000028e-01
8.111031750149877428e-01
6.176300618196890468e-01
7.228988255705675048e-01
7.154716896560893158e-01
7.907155932668039622e-01
7.497789819260073374e-01
1.085030561771323399e+00
8.002277498968637381e-01
1.041096695437114583e+00
8.941053165018852944e-01
5.922897026647655494e-01
8.612588889526691105e-01
8.622980981009883417e-01
8.868496781915521376e-01
8.456640440736398201e-01
8.930950972459492654e-01
9.226749737278834296e-01
7.067975092826749295e-01
8.709861999451834480e-01
6.322777926654081782e-01
5.696871689256020055e-01
8.000157192381267546e-01
9.988919343203798151e-01
1.092995036768023454e+00
5.011959936569462259e-01
3.761174255537720890e-01
9.385567620284209767e-01
8.582122957715719869e-01
5.994780809238461350e-01
7.180514690436674563e-01
7.822022217595503424e-01
9.445500054499914588e-01
6.324556502315242801e-01
8.849484471118921336e-01
1.145930833061485021e+00
6.136321728469895653e-01
9.040128499182723543e-01
9.505332281702632002e-01
8.810252502389613882e-01
4.908363651486293833e-01
9.180577534374122495e-01
8.555935767619817778e-01
6.089192789989130716e-01
1.093666436095645622e+00
9.134370148335160255e-01
7.402883950969230131e-01
9.215357456530358649e-01
8.058673828194456989e-01
7.387418650791262031e-01
1.064663267809197622e+00
4.482848938814726902e-01
6.388620827419611015e-01
7.503611944920897114e-01
7.849739599878285956e-01
8.216860560443947081e-01
1.067633686368489432e+00
8.688199160578686797e-01
1.297052700090400190e+00
7.422230921395828185e-01
8.713050471166248201e-01
9.509342351138182492e-01
8.623018523673353641e-01
5.859049898670760648e-01
1.046845783089585646e+00
6.274337077416649588e-01
6.425564179675530285e-01
1.000914628472325152e+00
7.927779399404278893e-01
7.705371857109859501e-01
8.026309569407450439e-01
9.252081461432458687e-01
7.711029771985924430e-01
1.011160159760313926e+00
9.983226053540142919e-01
9.707426117045642178e-01
9.822810744249274029e-01
