3.601581115457822335e+00
3.641089893169930036e+00
3.695577937291993020e+00
3.465091058169680771e+00
3.574062159497080504e+00
3.513509703448994603e+00
3.607942875180126130e+00
3.524648040291336937e+00
3.523490337531872463e+00
3.637915327994526660e+00
3.563882385599149494e+00
3.733236129912693713e+00
3.548998201868618363e+00
3.781592810740351585e+00
3.627363422450704089e+00
3.673889691497862930e+00
3.793473126351529334e+00
3.963431744099119136e+00
3.519079091745772825e+00
3.531895195427918299e+00
3.773233705471989552e+00
3.662107991651435412e+00
3.743075875397892993e+00
3.590795259303451559e+00
3.622753070809107800e+00
3.697524455112318087e+00
3.572115341404002997e+00
3.619621064725033754e+00
3.549774054097655895e+00
3.621482411836259185e+00
3.622574576006498237e+00
3.744271606607284752e+00
3.621336866683118494e+00
3.802689242195407271e+00
3.703373106909419565e+00
3.634782653514289308e+00
3.526183644149154084e+00
3.587665059326560435e+00
3.953067956932920790e+00
3.720027688398235721e+00
3.600904379941688216e+00
3.696982382814711698e+00
3.519611664547673158e+00
3.832309492374448734e+00
3.471671865094133391e+00
3.620916461744991821e+00
3.534987412827539810e+00
3.594886383074068270e+00
3.634974509923143859e+00
3.682588225130012827e+00
3.537875667423478365e+00
3.930071323038433206e+00
3.528460665484132175e+00
3.505375277217376517e+00
3.670983161062179700e+00
3.464247218078364110e+00
3.528643148473263658e+00
3.711598427151836077e+00
3.504256290409944796e+00
3.551756492614651872e+00
3.526037536065268707e+00
3.566459578764524796e+00
3.536192924140093563e+00
3.629961787214411206e+00
3.745014297026748373e+00
3.624832756957642843e+00
3.499744211427682217e+00
3.607860149473913758e+00
3.547990683192340899e+00
3.650327868451389790e+00
3.556485664348733700e+00
3.715168605964858095e+00
3.784096694338071387e+00
3.701937717667682204e+00
3.603619949663155797e+00
3.556533241215057206e+00
3.535755316925726088e+00
3.595053472671659645e+00
3.494573650902600637e+00
3.482229995804352107e+00
3.469241329308968336e+00
3.522401029708548847e+00
3.644591767866596221e+00
3.687850365435494826e+00
3.452813767664645095e+00
3.714198541087545546e+00
3.532700761618456031e+00
3.471363063188162013e+00
3.804615178764255035e+00
3.445494156716372380e+00
3.472048883845064271e+00
3.481852546971311746e+00
3.503352658717233670e+00
3.719039759608000484e+00
3.643539345163142595e+00
3.543950589966704978e+00
3.647076047273453359e+00
3.536412593677509708e+00
3.538961414686290219e+00
3.612621799938802170e+00
