3.551401886624289350e+00
3.697513565656266099e+00
3.501324928975894313e+00
3.764469410211848999e+00
3.647207352607253927e+00
3.537949620234332571e+00
3.545519313899653913e+00
3.543822231563096281e+00
3.741977837892269676e+00
3.694647250795457971e+00
3.551499355238743050e+00
3.654386857995071125e+00
3.431299066100054862e+00
3.518604197481854268e+00
3.721064359991954618e+00
3.689438692274706000e+00
3.669161394691875966e+00
3.336142256268002981e+00
3.709439311517037652e+00
3.661609260515895414e+00
3.609824060840547855e+00
3.606834161102417280e+00
3.630874205973608326e+00
3.573766403333906272e+00
3.799994758992302213e+00
3.660993764401738737e+00
3.494516706890084201e+00
3.738136339223145033e+00
3.745214940091926792e+00
3.650641605153424063e+00
3.598287802883004982e+00
3.776321154727225959e+00
3.719778133359638694e+00
3.750484797397728443e+00
3.730357495200761431e+00
3.496895396402098122e+00
3.746487442583021910e+00
3.676337457915080265e+00
3.659512515278283917e+00
3.427784120926024691e+00
3.593714029811822197e+00
3.650718405832835689e+00
3.661793583687658504e+00
3.584684667321289542e+00
3.544535079884437945e+00
3.574001336041151333e+00
3.575655219549517483e+00
3.653427518932973683e+00
3.929863718775825188e+00
3.621202374161312854e+00
3.650632576851244426e+00
3.602159417032476885e+00
3.473920836052280414e+00
3.605602230337617620e+00
3.606966118828019319e+00
3.502798100597698028e+00
3.602588062397550583e+00
3.725999411850044130e+00
3.633957664050641689e+00
3.514087914762873410e+00
3.629026531099068364e+00
3.790202186843237175e+00
3.443049979576922048e+00
3.558154521672622472e+00
3.690257870196765211e+00
3.683573984716605132e+00
3.553317249471620531e+00
3.565325652075387541e+00
3.706654349270082083e+00
3.530735268467986021e+00
3.499550645660012282e+00
3.474414356259011072e+00
3.581568605006533623e+00
3.572449610824791399e+00
3.516917720882033027e+00
3.508253650603900820e+00
3.698683739030993234e+00
3.473871463515703084e+00
3.652501130714468580e+00
3.463912757993786951e+00
3.813889029572599121e+00
3.621414999441534111e+00
3.667608545313683521e+00
3.628193255345327994e+00
3.698134957214068042e+00
3.831814394367349053e+00
3.576666526110326316e+00
3.596526434879778744e+00
3.582790497742069480e+00
3.561404866346170373e+00
3.615071255884310553e+00
3.696344228415849642e+00
3.608251582378902089e+00
3.451780842955916917e+00
3.573607618287950149e+00
3.582867081547408183e+00
3.543314803657389600e+00
3.619781937790752746e+00
3.806688194974999551e+00
3.520902361616966569e+00
