1.135411271209204598e+00
8.217692899783282101e-01
1.218698575411300000e+00
1.329663596716884388e+00
8.987233560560244916e-01
9.314266801164605702e-01
1.257699949620526780e+00
7.746765026704586221e-01
1.002859654179765636e+00
9.111357770969854553e-01
6.964891827374695144e-01
8.752994648345147066e-01
5.622849185747419432e-01
7.393173616200449105e-01
1.110079140561745836e+00
9.338262343849320635e-01
7.451207952628282616e-01
1.038348701185182854e+00
6.501817331186173776e-01
6.579371361097845483e-01
5.313188068950868148e-01
7.650426164275870855e-01
7.596066763738711369e-01
6.922339413960590937e-01
6.650630804358610426e-01
4.942421260417546036e-01
9.428343244266541578e-01
8.713537258606613989e-01
9.780468543372401458e-01
7.177586219115856814e-01
4.029716863566863982e-01
6.726201745889810457e-01
6.896381228209060854e-01
5.003797466971847685e-01
8.517115764461782312e-01
8.521055867569573561e-01
5.917940307807771916e-01
9.028511205993230426e-01
1.106338922224067600e+00
7.977689315108238421e-01
7.143084679641230617e-01
9.433812524768570018e-01
1.206287813106144524e+00
6.479652287207389172e-01
5.811597641565486860e-01
1.176705118153154705e+00
5.755709198004869132e-01
8.313502782064375873e-01
9.942148526526628505e-01
7.643817490374539281e-01
7.193992235490005438e-01
5.773613789864415757e-01
5.896038639982293939e-01
5.386615987325221733e-01
9.810729018564036119e-01
6.071556860019348134e-01
9.420319210413415911e-01
7.280941595431810187e-01
8.013861617471512711e-01
8.788490258218054629e-01
4.983413233255052921e-01
9.574624425320585885e-01
1.273811406612594288e+00
6.401893415944733823e-01
7.881639799965871607e-01
9.609894121460329508e-01
1.120296069359165259e+00
8.199141944885137701e-01
7.246533277700789588e-01
1.286327091724219551e+00
7.982548943762859395e-01
7.818770575391692512e-01
9.642452168182896743e-01
9.692675769317143919e-01
8.675137454340916543e-01
9.735414221915335009e-01
8.862153750198200619e-01
8.637176146937189936e-01
9.472843571759635983e-01
1.065369232400516175e+00
7.784084040271941340e-01
1.022678288565547655e+00
8.082342928446324404e-01
1.016249358640136657e+00
6.523541893801677594e-01
9.773749318623426996e-01
6.447063948637110631e-01
5.802688495354527687e-01
8.613612893126876280e-01
7.665130654104614916e-01
9.012192551647338901e-01
9.404914108601832856e-01
8.041426014616446238e-01
8.912906172255709025e-01
9.533398449158347887e-01
7.109225933101450678e-01
1.080939646647223196e+00
8.922673588921542498e-01
7.710913815422916207e-01
1.103131357706004012e+00
