1.807841440767782970e+00
1.390001072469401189e+00
1.513105568903480469e+00
1.580491695589323786e+00
1.472469623429720542e+00
1.541291895224498054e+00
1.505662823952376383e+00
1.532614781768898204e+00
1.480333535603009620e+00
1.483407400487441352e+00
1.402941642523651833e+00
1.441756645192475705e+00
1.468000353898169408e+00
1.592089080873328788e+00
1.430329922465850334e+00
1.606174079867748405e+00
1.543726309597915902e+00
1.560363949915956283e+00
1.511347089005114608e+00
1.531325384156732472e+00
1.363281955271771650e+00
1.510143036937503735e+00
1.456973515958091214e+00
1.432528201683330504e+00
1.533132216445628915e+00
1.655285413598982514e+00
1.436819323436120399e+00
1.431669312254707283e+00
1.423830140916271247e+00
1.547438319982125998e+00
1.470887115023808756e+00
1.431288095971784635e+00
1.697406763103012084e+00
1.661290781241482994e+00
1.657525218892017316e+00
1.520015925580797234e+00
1.522866910118957584e+00
1.706831509150661175e+00
1.700534339152560470e+00
1.575411837766578227e+00
1.509458348504350234e+00
1.506500569855908189e+00
1.651128684411923953e+00
1.566721279458697547e+00
1.724073390589202948e+00
1.610844653634450951e+00
1.573716864278460026e+00
1.615542369978475667e+00
1.719928134476587100e+00
1.704329081342284002e+00
1.683640403006997355e+00
1.723602596954785460e+00
1.726185042007387649e+00
1.782315201801295546e+00
1.660697811000048763e+00
1.531898552612893871e+00
1.778920135346155451e+00
1.738843541688995353e+00
1.839852909432183381e+00
1.724819193130061157e+00
1.759332377906313916e+00
1.685550244945991150e+00
1.718747897446552431e+00
1.710953290673068228e+00
1.657796113537598925e+00
1.698933125848673731e+00
1.734883721948193402e+00
1.737854917813838052e+00
1.674979198209807452e+00
1.719226210876733330e+00
1.687810393453856861e+00
1.613145480038014057e+00
1.641612491610322966e+00
1.774639624999005960e+00
1.691886656500387831e+00
1.650566888827388778e+00
1.703483281556515738e+00
1.738064697865416841e+00
1.752956985699832160e+00
1.748558153096617662e+00
1.707507287899303394e+00
1.609875210245452326e+00
1.630388887423071642e+00
1.642684526516190235e+00
1.608502548382539921e+00
1.681309411043228952e+00
1.774110707371680418e+00
1.695743701379430757e+00
1.604968491267166675e+00
1.746972403477508706e+00
1.723944822115351272e+00
1.920730389902603807e+00
1.718770590180484170e+00
1.687509796835014564e+00
1.656427234732938292e+00
1.697973843673358685e+00
1.696182457364041385e+00
1.624888912154462295e+00
1.659491105257768773e+00
1.629876914258288290e+00
