1.481426336498782081e+00
1.615611502651630227e+00
1.656699677094991996e+00
1.469903169105450491e+00
1.478086619327626750e+00
1.493423527975567877e+00
1.493196187287854082e+00
1.611842267847838350e+00
1.500774521687792129e+00
1.592776928736927111e+00
1.466461503194183891e+00
1.580153314010127596e+00
1.590892613187088633e+00
1.701796149059771279e+00
1.461973124564976079e+00
1.623525658250309700e+00
1.767438173203002449e+00
1.667142414122371852e+00
1.737301565239348422e+00
1.835663425024514295e+00
1.761024236994689574e+00
1.621003518463025816e+00
1.497874131120937369e+00
1.556094037812638664e+00
1.889446323451726473e+00
1.651019650794301130e+00
1.585924289706789336e+00
1.553807564022001486e+00
1.401017674256006318e+00
1.396210501915875035e+00
1.480586700260539734e+00
1.694198650116995664e+00
1.560652236778163227e+00
1.534635465146543032e+00
1.605789338301962133e+00
1.563700111623316680e+00
1.864482471428623445e+00
1.766825946319869001e+00
1.693235806990878389e+00
1.745770071335256857e+00
1.828346984040992718e+00
1.832961673258977298e+00
1.755520039169619073e+00
1.483277199775010269e+00
1.498789484269835048e+00
1.659665467102268588e+00
1.595793782837939823e+00
1.695528560561729181e+00
1.566910292519239967e+00
1.595989860821366735e+00
1.699833280800304269e+00
1.569561751369902280e+00
1.491240931131456060e+00
1.672609492994381553e+00
1.686953593431812060e+00
1.708192200786113002e+00
1.670251819400632831e+00
1.651204886118934567e+00
1.648564069971336421e+00
1.551550622001635293e+00
1.684060393078361084e+00
1.491102001136424882e+00
1.609325449118357509e+00
1.714855778785757456e+00
1.679930732279046879e+00
1.697350414312444711e+00
1.561019411248588229e+00
1.660112755968717657e+00
1.615218557276176137e+00
1.667469919103383269e+00
1.552920968205321994e+00
1.571295505426025807e+00
1.361061097466828906e+00
1.560686278015495310e+00
1.686922786066873181e+00
1.725393748331944810e+00
1.513951137738466235e+00
1.425977898382767117e+00
1.394124202468779661e+00
1.646997568689658964e+00
1.895279343605715372e+00
1.518652839243556540e+00
1.495987923486601368e+00
1.540538037043172936e+00
1.425664028416886442e+00
1.438074933215010898e+00
1.478549048057828053e+00
1.546031583134043652e+00
1.507506427242765179e+00
1.481317330555832479e+00
1.614016300407458138e+00
1.667216166771410712e+00
1.629635508575213443e+00
1.640951457979414441e+00
1.690084935109507747e+00
1.692101014371661272e+00
1.570958365703090331e+00
1.556265234470264991e+00
1.637042914150149242e+00
1.736034913752030118e+00
