5.971832262418117487e-01
8.217293892787914666e-01
9.106436841338233501e-01
9.531366079176164519e-01
1.004341228460378543e+00
5.868749988848348531e-01
9.687260670060700019e-01
9.766191393060541515e-01
1.116513436964199357e+00
9.873059287551323449e-01
9.314953198644224663e-01
8.274553804814952507e-01
6.982351117102528759e-01
7.530537624226765203e-01
9.138165962143772747e-01
9.853131332948973364e-01
1.122320701347768512e+00
1.043041863009711578e+00
9.676360811457548339e-01
5.608035889465884383e-01
7.610320544770460272e-01
8.214795325250688895e-01
1.171085018104325082e+00
1.153993472360272055e+00
6.971842135688753883e-01
1.254696384492022476e+00
6.297238505435384104e-01
7.621865176538389353e-01
8.048767597519909112e-01
1.095159602994761006e+00
5.852500538789584539e-01
1.575001510395908522e+00
1.420237654708377484e+00
8.909934515460018467e-01
9.480169039914562168e-01
1.215892214392519488e+00
1.260223601068827914e+00
9.973256494829605412e-01
8.340753499953759142e-01
1.267555832626237056e+00
5.815159086108225850e-01
7.227875743442385703e-01
1.108427859586475384e+00
9.179039840476699297e-01
1.358641666793539482e+00
9.446482089741966570e-01
7.718238927225414825e-01
8.023141928601381645e-01
1.323349251022263751e+00
7.893016614956954724e-01
1.393347367947886051e+00
6.967391712257277048e-01
1.121450134842862711e+00
7.755867763490371658e-01
1.137343085451929303e+00
1.370437352652977392e+00
1.604800273732708726e+00
1.521414577935913615e+00
1.419093865181989322e+00
1.331184057469964710e+00
1.069093092361162789e+00
1.178546767429470954e+00
1.189446257865334644e+00
1.550611668499209062e+00
1.165020914654001372e+00
1.150253125807033650e+00
1.137336633793516683e+00
1.167123153058319929e+00
1.255834346687269454e+00
1.215292404123141212e+00
1.200211798534216001e+00
1.479505095927748926e+00
1.522178596006668938e+00
1.452004553121386765e+00
1.305338467601919961e+00
1.409814556776274319e+00
1.641374646634242485e+00
1.459143994483709905e+00
1.183920380971185571e+00
1.381064793859009709e+00
1.050572065002024047e+00
9.428656374726017697e-01
1.127810853040361883e+00
1.130424001731882733e+00
9.668973342278742722e-01
9.506361537827765495e-01
1.282852985696847581e+00
1.348025277767780583e+00
1.205233329966124645e+00
1.282425960059794035e+00
1.232530560586706958e+00
1.426040872353484978e+00
1.562777312944167774e+00
1.636492871198744314e+00
1.403147541906234697e+00
1.358266151204202243e+00
1.312742349767645145e+00
1.336830894173089312e+00
1.067568255953623924e+00
1.363375826230099230e+00
