1.296656955378899356e+00
1.322583631277786997e+00
1.308845381629776039e+00
1.475217527866041323e+00
1.404781402550701497e+00
1.280554588373461922e+00
1.434405017216920930e+00
1.225319712808799144e+00
1.485109901150954759e+00
1.392512101736969488e+00
1.521860306777652605e+00
1.456357073084907805e+00
1.422904105079839665e+00
1.351082602160516011e+00
1.426339990824722292e+00
1.419971359630795238e+00
1.518789691330291847e+00
1.551787748662008193e+00
1.565197966800086160e+00
1.409197857624300942e+00
1.464744260415651311e+00
1.439636847657713714e+00
1.537564517627770133e+00
1.546533994156564562e+00
1.413273303248528512e+00
1.512844939128359378e+00
1.516819439053415097e+00
1.447815311440688868e+00
1.537040183176260344e+00
1.468890366002945536e+00
1.507774156214441774e+00
1.596594451272708604e+00
1.491533621041507773e+00
1.497472676570584138e+00
1.586377034501308625e+00
1.547216087999366385e+00
1.620524005256894329e+00
1.591086482567560578e+00
1.642786076447405375e+00
1.703401410430717577e+00
1.537227596171754973e+00
1.588974426287457886e+00
1.688013574441138420e+00
1.541393580729242263e+00
1.493615831773787317e+00
1.709727811832641109e+00
1.596950563743940288e+00
1.497721447671197748e+00
1.699293558689327632e+00
1.551607260195628335e+00
1.529314526084903481e+00
1.485964049182236346e+00
1.587122241770938746e+00
1.526044578624582204e+00
1.498116082315818387e+00
1.563156659243880808e+00
1.602291592273890286e+00
1.693815638267679669e+00
1.656458791105523964e+00
1.684843079829427159e+00
1.552584489892708586e+00
1.564925266192473963e+00
1.758967824602212016e+00
1.672459762454825638e+00
1.662492508006250480e+00
1.701700593884180490e+00
1.604369315490652648e+00
1.575294645840887853e+00
1.659679643147424333e+00
1.788404614158201955e+00
1.623788195361901554e+00
1.873767180544925193e+00
1.920769078031647759e+00
1.943148769086105343e+00
1.909474480117058226e+00
1.948624388859511392e+00
1.840004867950664202e+00
1.937870239318989718e+00
1.665733218979918107e+00
1.512819912291901048e+00
1.632447789546911610e+00
1.491435262920940197e+00
1.590763411963074914e+00
1.631162083725719025e+00
1.514863556142685974e+00
1.657532616936697734e+00
1.568632907803836574e+00
1.606276077813333814e+00
1.550814266125253083e+00
1.584622412425362281e+00
1.612460529705903145e+00
1.643551298314509523e+00
1.590104639553033827e+00
1.581400218618560949e+00
1.531213751823304214e+00
1.690190391069609221e+00
1.787327880638205801e+00
1.597956392097500622e+00
1.692946232177276134e+00
1.686889597022088294e+00
