5.058187601653544307e-01
6.466825586542159776e-01
8.311616230387899318e-01
7.528367667877474689e-01
8.658629516915035129e-01
6.743779390331691159e-01
7.189647897489721551e-01
9.339087097174155749e-01
9.282379426479996365e-01
6.369583427175322665e-01
9.066874992340957506e-01
7.263219668590514821e-01
5.355156712133279928e-01
6.569524196393741189e-01
4.385011938368231221e-01
6.335614761494892111e-01
5.534702599167347081e-01
6.174765771929868752e-01
1.245828079402243382e+00
8.041380541269741444e-01
6.250242842126843001e-01
7.258806318111127309e-01
8.091634180653246577e-01
5.744154897463836784e-01
5.521605600926139390e-01
3.554929632014092178e-01
7.400652056407470702e-01
5.875423083650005429e-01
9.550270667804342528e-01
5.262703150654728379e-01
5.857979006623977858e-01
7.233003893600242762e-01
1.033359276775604352e+00
4.117176324079255822e-01
3.447573487234270040e-01
4.696901870059820294e-01
5.051913182197340646e-01
5.651469201387111507e-01
7.220979730958468901e-01
1.055436286010830171e+00
8.273919301360601608e-01
1.253386716559679037e+00
1.113543105455567339e+00
8.186483259510473065e-01
9.821493554084855804e-01
3.148117780736482407e-01
4.301596456283822700e-01
8.144495253924666223e-01
6.014921229308468620e-01
8.066863515255973116e-01
7.458109088338045201e-01
5.733967263088294297e-01
8.902432147363995574e-01
7.451052438170888692e-01
7.715092367170428567e-01
7.490058160800331377e-01
8.189920859476936821e-01
8.836076254877776037e-01
9.274412336742173801e-01
5.497362374752519099e-01
5.335592711753099904e-01
7.569104061692064622e-01
8.454200397980397019e-01
7.356490712393985998e-01
6.582789612404317259e-01
7.229224967640771604e-01
8.386751114336526980e-01
1.376233038628936312e+00
6.688800157190751827e-01
8.257262938920547635e-01
7.661864932739387291e-01
3.694206959475920260e-01
6.913404787843384636e-01
7.628631986167477841e-01
1.364930682106402671e+00
8.272009761755531043e-01
5.945793843582439786e-01
7.582710649265342884e-01
1.221181558288365165e+00
1.103998845420947728e+00
7.693410609627886476e-01
1.062684326335594065e+00
8.324326645664367197e-01
5.650877341219843197e-01
9.982544542409715893e-01
7.306926984721444640e-01
9.982572355716309298e-01
1.336639381437590313e+00
1.368621665982887370e+00
9.071240746240626374e-01
6.812251018344681608e-01
1.038690890381045229e+00
6.912238765609630686e-01
1.006643213323916708e+00
8.840724144277636309e-01
6.646956470290310559e-01
1.114234550616938657e+00
9.310930074895686914e-01
1.222209379744175983e+00
9.027850587061256871e-01
