3.432326466055804826e+00
3.460623887077910243e+00
3.569903962075688053e+00
3.665620578070393876e+00
3.577767334897980156e+00
3.552369420413837187e+00
3.550656179962658143e+00
3.754109584837915126e+00
3.684488094027392968e+00
3.709283951591350270e+00
3.602759861341166658e+00
3.804436707321762423e+00
3.406145738356574970e+00
3.785837947925322133e+00
3.897836070986034240e+00
3.508463551245284862e+00
3.589389972287271302e+00
3.700952233955665083e+00
3.423089220403278787e+00
3.610376205712026110e+00
3.649780737815043530e+00
3.619287228764191955e+00
3.629304821177525398e+00
3.480861643270960037e+00
3.701780097165563888e+00
3.667600755358602971e+00
3.453756067528325868e+00
3.522661164669367295e+00
3.885422990678510491e+00
3.666982467033566451e+00
3.630972851849505467e+00
3.711219517348883556e+00
3.462268649247155938e+00
3.375065450892063001e+00
3.784708092273669333e+00
3.629498227354342799e+00
3.645188694772157234e+00
3.763077597382478601e+00
3.718083744590673589e+00
3.779457975846024720e+00
3.489401133644338238e+00
3.635801260978603899e+00
3.510078613281725435e+00
3.575408836405734814e+00
3.691208117589900972e+00
3.568409693692972340e+00
3.713874421730960496e+00
3.534803249625551924e+00
3.568529163355635969e+00
3.527504243740285261e+00
3.683055761422125762e+00
3.539807495559674777e+00
3.546050249541683907e+00
3.675565745287141084e+00
3.484397708589862308e+00
3.473448703337123078e+00
3.452953278360628708e+00
3.553908861359180271e+00
3.413747077512640171e+00
3.782271385837192135e+00
3.650156641855844875e+00
3.749271029858491922e+00
3.543047632417579251e+00
3.466964763833773056e+00
3.680769251882165083e+00
3.628348624682517620e+00
3.515949201243189659e+00
3.352318304199438437e+00
3.753259874050987932e+00
3.647013807694226006e+00
3.528077830072443799e+00
3.555306248139221470e+00
3.490212070198667860e+00
3.378626882926517361e+00
3.688676240281303365e+00
3.781014272220447392e+00
3.641615865039695699e+00
3.723337676139002017e+00
3.573836014257986804e+00
3.550943411614526646e+00
3.510372210170085605e+00
3.688334784191937832e+00
3.542632068407442159e+00
3.562204246799556717e+00
3.663582812798452437e+00
3.697075232697084601e+00
3.628308187858490186e+00
3.533083381469873441e+00
3.651120934165731580e+00
3.562569811951078247e+00
3.688519913747790646e+00
3.549121506644145718e+00
3.530053316109398320e+00
3.681832996141062520e+00
3.523053564543866756e+00
3.709452705687831919e+00
3.764921590621892022e+00
3.639606261128629505e+00
3.661027641637339958e+00
3.710573668240444878e+00
