3.661566907213285038e+00
3.780524775028249351e+00
3.360015118295578418e+00
3.654453494318417928e+00
3.735642062783507189e+00
3.523257287591346376e+00
3.842761468304452421e+00
3.688285454528151153e+00
3.577511501074140288e+00
3.420921179652767208e+00
3.497692454294023534e+00
3.612196359181319316e+00
3.572785196715056788e+00
3.486412917994079930e+00
3.473447129988508131e+00
3.573436852384527906e+00
3.486036468805408628e+00
3.536100956616251345e+00
3.502527073743803676e+00
3.632471760192983457e+00
3.459786324084419107e+00
3.557662518198605905e+00
3.580641948917270057e+00
3.470178112086331979e+00
3.515998134912015072e+00
3.701284630615440552e+00
3.518477510663864827e+00
3.589679422909605400e+00
3.691227803462088897e+00
3.580119280671160809e+00
3.486261088395716801e+00
3.574416333490392450e+00
3.458404282242304451e+00
3.593481196995418347e+00
3.478367870536028139e+00
3.629768174662105995e+00
3.545089975732961918e+00
3.558143912626682503e+00
3.632661422729659861e+00
3.589116680339671017e+00
3.546066981413028341e+00
3.614148580281331569e+00
3.609358275176215880e+00
3.672461479651330851e+00
3.507799267385055320e+00
3.756097337534074043e+00
3.690725001253822413e+00
3.728384581428976219e+00
3.685429096839346830e+00
3.808195341325331995e+00
3.478214637322414315e+00
3.535291002901585156e+00
3.868821154150872133e+00
3.666348093133894537e+00
3.468255498010487159e+00
3.705091805511776304e+00
3.642428064801877863e+00
3.783471667049220777e+00
3.777078597068856514e+00
3.631468772399685019e+00
3.588230950998250179e+00
3.590596885493173129e+00
3.754843736309285696e+00
3.709557204869819547e+00
3.468727340598665165e+00
3.578988100367913372e+00
3.866570293917969359e+00
3.716412472301069858e+00
3.618103954163228053e+00
3.865322873001593162e+00
3.644180296721490464e+00
3.560995495836206004e+00
3.752165281989317425e+00
3.721375825473473231e+00
3.721658096689988149e+00
3.775066195473500752e+00
3.624565509096214555e+00
3.656358410805979453e+00
3.512296280993365549e+00
3.726298623869185977e+00
3.704588514076447847e+00
3.627011979701837419e+00
3.463676362427102529e+00
3.431862697993318001e+00
3.569970398624767949e+00
3.444052631263395892e+00
3.810261037575725318e+00
3.777103492520637928e+00
3.581703046619035824e+00
3.752718964790972223e+00
3.588086628338317929e+00
3.657508088685124559e+00
3.658616065838177889e+00
3.738542032745433286e+00
3.804040147729922161e+00
3.559814353753944616e+00
3.694750352654806669e+00
3.815883011760397014e+00
3.557612055052492117e+00
3.492847973784602988e+00
