1.451420360628882689e+00
1.504580528471346934e+00
1.373073782832729739e+00
1.387235051992947499e+00
1.546992083295224862e+00
1.442463058358005146e+00
1.472125999653034034e+00
1.454738501518623162e+00
1.471306849214528700e+00
1.462583389779770426e+00
1.510339121239855587e+00
1.459749968423294186e+00
1.462081500128061817e+00
1.389359737637915870e+00
1.362809706651942454e+00
1.519169503174127245e+00
1.455100087256935515e+00
1.492135986198883879e+00
1.553241082893464409e+00
1.582465207069848390e+00
1.707261261274240605e+00
1.606219211563626681e+00
1.579753699278480861e+00
1.642465621712303259e+00
1.359617045552279135e+00
1.523911823146954614e+00
1.566119765407640418e+00
1.486536712593208520e+00
1.508086248887545056e+00
1.537520815931178397e+00
1.750364435719638401e+00
1.595955384987929992e+00
1.550292043075353510e+00
1.698308372635783270e+00
1.652382697908526321e+00
1.627004147889108632e+00
1.528170811396206030e+00
1.449049670668902445e+00
1.571128316833400707e+00
1.503970144022769295e+00
1.687550343501466932e+00
1.583155921732833926e+00
1.589217571210824298e+00
1.588247124918514164e+00
1.554655023947610903e+00
1.668422705066483713e+00
1.483837248870464309e+00
1.634299801129555529e+00
1.622146677184440167e+00
1.593958499357920111e+00
1.576186451051563964e+00
1.546228894919159380e+00
1.591173079724696349e+00
1.711442594761002800e+00
1.551358843796851072e+00
1.545827595002412291e+00
1.620789449949574745e+00
1.667463987469470776e+00
1.507947480225134473e+00
1.677782561609218570e+00
1.677355566027873390e+00
1.807064461963899360e+00
1.702572826180052790e+00
1.609272312945590144e+00
1.691562860289810954e+00
1.585974121201804587e+00
1.699683138114927328e+00
1.618276396422703378e+00
1.665081380838290714e+00
1.569173893583945434e+00
1.547785077805228671e+00
1.543758855834218124e+00
1.462706923062674136e+00
1.648926370947024767e+00
1.689880711257623069e+00
1.568547532937471400e+00
1.567176834455560774e+00
1.635560526737117382e+00
1.693452783387210836e+00
1.679630568019976344e+00
1.602147189935929195e+00
1.593986880424810959e+00
1.695727698780000958e+00
1.626583280264392917e+00
1.606064048955859525e+00
1.624218104176669897e+00
1.643488525646026988e+00
1.592620194901023911e+00
1.691835428710577460e+00
1.575911694978433308e+00
1.636026947475038851e+00
1.658086750284770039e+00
1.620545736446933560e+00
1.637130983413577212e+00
1.720157656551597691e+00
1.661685048503359852e+00
1.790257506631331985e+00
1.611503172058533329e+00
1.710798542787125509e+00
1.755387827534322653e+00
