1.514355525752865139e+00
1.536900447509965906e+00
1.572527101362548141e+00
1.516535161889995154e+00
1.667403459290416556e+00
1.531895852003513969e+00
1.482138908657054444e+00
1.478930210094567821e+00
1.575014634970467675e+00
1.561744370101614710e+00
1.493231430886140076e+00
1.474024382840434022e+00
1.409194210165193084e+00
1.455570395917879845e+00
1.486891550871391132e+00
1.517883380864901044e+00
1.590783983169049121e+00
1.732923466335337004e+00
1.593303811551239679e+00
1.508939074123217816e+00
1.488023608193268954e+00
1.468719651586696040e+00
1.427254874447460020e+00
1.456000999932181461e+00
1.455593639415956764e+00
1.472757617844736577e+00
1.577726585202223752e+00
1.623858250254827773e+00
1.612991641097616169e+00
1.587593558974578656e+00
1.592466121725658823e+00
1.563248228048733646e+00
1.458387892897272220e+00
1.458261113379375251e+00
1.537315423991611585e+00
1.439800378569880079e+00
1.752713176535509954e+00
1.404437233168334798e+00
1.356960865201159105e+00
1.433165098097289869e+00
1.411077301187231958e+00
1.367456106805400307e+00
1.524410222003000470e+00
1.407877358118651001e+00
1.411986605481485801e+00
1.523109154763084394e+00
1.602476909417394291e+00
1.588772773167116625e+00
1.539143253315233162e+00
1.527584988695612100e+00
1.608711986678018402e+00
1.516105291871212124e+00
1.454415821953332744e+00
1.478314994668378457e+00
1.481359647716702144e+00
1.511768222093967440e+00
1.414225501813936026e+00
1.494801620361408734e+00
1.466174348645083336e+00
1.547267922251271077e+00
1.522142497044946197e+00
1.535128779934607168e+00
1.487574105721279016e+00
1.566885115214415425e+00
1.509355607242685027e+00
1.508380192757426963e+00
1.510681860826788903e+00
1.437045043823353518e+00
1.568597355461051723e+00
1.512617795269902254e+00
1.480744938584849901e+00
1.543472613969203433e+00
1.547867351090672416e+00
1.594081812597226921e+00
1.504527065525163021e+00
1.612377880733715907e+00
1.554492989907746869e+00
1.484793825691743008e+00
1.495623625196288442e+00
1.523442352687967682e+00
1.510829820173060112e+00
1.487696785406732003e+00
1.518522850983439199e+00
1.382323201529228385e+00
1.454397728223936870e+00
1.479227135339153065e+00
1.513976369390068522e+00
1.505509302051352583e+00
1.447747135157556375e+00
1.462409165096344443e+00
1.449507956080351878e+00
1.493282985866245749e+00
1.530857413847821258e+00
1.576269663301422597e+00
1.540021150136043238e+00
1.464598710620447441e+00
1.579499756242848552e+00
1.480508915960510707e+00
1.515931606083271710e+00
1.450065189913277930e+00
