7.605380488500527170e-01
7.694053823208832910e-01
5.757897408033354480e-01
5.619953535839784520e-01
5.742139430460491134e-01
8.738685718528785840e-01
6.666345157560769064e-01
1.007219415407675012e+00
8.283571142097125861e-01
7.067430437991476522e-01
8.825066765441025307e-01
6.143339125081004326e-01
7.635403755508782808e-01
6.324843253882146410e-01
6.233267604914473070e-01
5.650578321299771778e-01
8.553104160633542286e-01
5.474372193543686205e-01
8.467528537972824898e-01
7.900700424804495414e-01
7.229046243879654332e-01
7.826652953514527944e-01
7.996735204836670219e-01
8.262412402229473152e-01
7.331175683121089470e-01
9.833348965946995257e-01
1.279960894476476208e+00
7.460832421025728189e-01
4.728010922526180715e-01
5.362003748821930760e-01
6.853718414783108726e-01
7.118180472427511063e-01
1.248921630625576373e+00
9.796585114419809059e-01
9.628205103925638886e-01
9.187270181428208726e-01
4.973855466914185453e-01
6.790683433198098085e-01
9.064792642862413707e-01
5.179499906450601987e-01
1.175830440263916143e+00
7.604327902678046369e-01
2.718162072328595413e-01
5.450371601785426456e-01
6.118076977014998974e-01
9.984832305764720362e-01
8.087515849754386421e-01
7.988421136100769537e-01
1.387765705185375786e+00
9.045339817200911403e-01
6.938247504744434746e-01
9.319691602837500977e-01
1.044273714134536624e+00
8.649591839601934451e-01
5.367443700013145857e-01
5.550813124129014842e-01
7.794827154914021339e-01
8.582907084835946776e-01
1.208005764253449188e+00
7.374271350869895381e-01
9.968845872500508021e-01
7.438759431566924762e-01
7.587027680040886457e-01
7.651307619915769243e-01
7.406502319045483729e-01
8.496369329420643268e-01
1.264760440519609563e+00
1.656673083505927568e+00
1.509400210886673532e+00
1.565958005212993553e+00
1.401008140405475721e+00
1.360690391931850707e+00
1.510147871752726578e+00
1.404840051613823304e+00
1.026070159498050360e+00
8.758288374585937452e-01
1.336180605573900726e+00
7.231645446334641347e-01
8.275028317297825620e-01
5.235328239702491393e-01
6.874499003933006724e-01
7.466278914618517115e-01
1.105574828047816593e+00
8.720240739645761519e-01
6.795027847147124822e-01
4.360559948619082693e-01
8.453633423595611207e-01
6.474824990237720845e-01
6.983987361576458053e-01
9.272371952318767541e-01
3.780450162381098766e-01
6.153108038170226335e-01
4.026991498080357834e-01
8.311282178875946114e-01
7.402169546295976899e-01
7.906069912044407788e-01
5.600617188704972715e-01
9.786779237339164883e-01
7.113427856616727496e-01
1.254947849141661465e+00
