1.790056092256787190e+00
1.629092134730609320e+00
1.660924943181248947e+00
1.518486896509232409e+00
1.441612503955262303e+00
1.555855744508424232e+00
1.577873698059219842e+00
1.638071962788864244e+00
1.840371767030198669e+00
1.550604340201104270e+00
1.692350233919625691e+00
1.616673559948639038e+00
1.618093413984174944e+00
1.576985789216105438e+00
1.697650821408240640e+00
1.735366838022240454e+00
1.695011927042209043e+00
1.521938464757664367e+00
1.462308187467825871e+00
1.545069738498078493e+00
1.408128663446572837e+00
1.354878107403164833e+00
1.493981771675233938e+00
1.550434293087395998e+00
1.514920585606563286e+00
1.679714174358520218e+00
1.731694922094065392e+00
1.554685811578518262e+00
1.458923508286353865e+00
1.483346464754303540e+00
1.590936713375298517e+00
1.673505246483196762e+00
1.811272532006478864e+00
1.643679636315151793e+00
1.728459801305664012e+00
1.806696949127275964e+00
1.811268017109720629e+00
1.744634240799387559e+00
1.812164350560232062e+00
1.749375890220110419e+00
1.777970893417881726e+00
1.754150034148676207e+00
1.826556338712557848e+00
1.598746651557946041e+00
1.580610921320437789e+00
1.612288857708835899e+00
1.543570334560812496e+00
1.585423404074735476e+00
1.659004117340746820e+00
1.647186037190566221e+00
1.669524371895167114e+00
1.699731515340731525e+00
1.882894120942327776e+00
1.970009064759853157e+00
1.576656876139099994e+00
1.991600850610353968e+00
1.789049222804883765e+00
1.725301124038949085e+00
1.731433363355435961e+00
1.626948833704239927e+00
1.537651111628491885e+00
1.601796963175688315e+00
1.507997324620822477e+00
1.640702684312834059e+00
1.658561562836829317e+00
1.569410057430600913e+00
1.599666834551557670e+00
1.454737130396329015e+00
1.461966427604774132e+00
1.631269466875657992e+00
1.555963597600133141e+00
1.666424494979665383e+00
1.643186037265353727e+00
1.746327106976044874e+00
1.669135507876071900e+00
1.607694210926571055e+00
1.671146502439173620e+00
1.572228638426743874e+00
1.613039200826372976e+00
1.497977232376434653e+00
1.828068060830836616e+00
1.655665512383706295e+00
1.564343453076328050e+00
1.550616346468207452e+00
1.557752035656609246e+00
1.676833935939117115e+00
1.608557897686680116e+00
1.570745440026735995e+00
1.595269399048013126e+00
1.584304723583272123e+00
1.712047060313838465e+00
1.800371889098336231e+00
1.669611685524230671e+00
1.743383811924370308e+00
1.755442680796539534e+00
1.533244170422339403e+00
1.526765414532037957e+00
1.544605991003884515e+00
1.455265121772625792e+00
1.603085336398031080e+00
