3.584608705366572945e+00
3.626677701878800786e+00
3.574721006061776230e+00
3.650182618630488651e+00
3.708817004261383943e+00
3.469704989452436550e+00
3.569429759692105630e+00
3.555436863201983488e+00
3.782405728997153105e+00
3.493757643225834375e+00
3.592480181405127926e+00
3.650330420976991785e+00
3.626303864303012769e+00
3.670429852854124153e+00
3.591897980220450481e+00
3.821002511544828284e+00
3.443108376508391189e+00
3.677255618247868618e+00
3.605705190575676955e+00
3.765661048744824324e+00
3.680975762164884202e+00
3.707125895236476065e+00
3.489693375960877031e+00
3.453799191897876764e+00
3.627180261285574137e+00
3.583181281318722267e+00
3.580497449710203117e+00
3.493734697159707192e+00
3.553762491106268406e+00
3.557496530878581975e+00
3.639510923547295995e+00
3.716817624660267327e+00
3.685611726354863560e+00
3.665052838030353310e+00
3.608393903080349130e+00
3.592819814047401028e+00
3.703775309950347872e+00
3.407220610700783858e+00
3.641330873127124335e+00
3.591844620357518281e+00
3.573522501116453753e+00
3.607995262291647798e+00
3.411645315948858670e+00
3.842223026192597146e+00
3.531636425180151306e+00
3.728093372568644703e+00
3.607426989534054940e+00
3.474384404764933265e+00
3.592256799304276438e+00
3.672620793001964312e+00
3.450395409126543633e+00
3.495025722024949655e+00
3.607144262037316640e+00
3.505729928500660897e+00
3.727421251505453004e+00
3.584598449467391479e+00
3.693335745617363663e+00
3.706098904115912696e+00
3.702346156880295780e+00
3.482500905385799150e+00
3.583023885725950652e+00
3.905387689670791751e+00
3.568192169667709468e+00
3.750385456855518385e+00
3.554321973207253293e+00
3.570548205488991211e+00
3.477455435937250705e+00
3.598930032306332905e+00
3.516174181104150254e+00
3.666017458953803487e+00
3.793615485006262666e+00
3.402665626040858982e+00
3.458180414329699026e+00
3.664268798581269859e+00
3.656174192312692472e+00
3.469954106991206100e+00
3.480477595638836075e+00
3.648777342233227472e+00
3.632673790542823244e+00
3.554169343452383778e+00
3.727094309035867248e+00
3.613893523328079116e+00
3.678444563238837617e+00
3.546132777593628660e+00
3.499456374610146359e+00
3.526123940691268999e+00
3.566367832269687455e+00
3.611661391777103880e+00
3.759274957229274960e+00
3.737642898421481785e+00
3.657614862636215491e+00
3.586196254791130134e+00
3.632818542270128237e+00
3.689325025678567904e+00
3.764438055064649458e+00
3.710388906797714714e+00
3.758778614873511614e+00
3.559896573255871832e+00
3.632663902912924403e+00
3.729005478857771116e+00
