1.678354767782579859e+00
1.515994401562361427e+00
1.689718169605617826e+00
1.581021708598194353e+00
1.600506514097924216e+00
1.575696918694277526e+00
1.668163355703930151e+00
1.573234242262231630e+00
1.592469068656209963e+00
1.667163296529879712e+00
1.669472272030835258e+00
1.542949342489423170e+00
1.642012674142378614e+00
1.521870799680558051e+00
1.506953515220502471e+00
1.450161967615541725e+00
1.511396159561444019e+00
1.507253751542341202e+00
1.619410209434748671e+00
1.453144611775890827e+00
1.498784262100510301e+00
1.683991252038146813e+00
1.597582616143881085e+00
1.569217290390730879e+00
1.538880035246263711e+00
1.569151551343990869e+00
1.652555336027708766e+00
1.567609140081908548e+00
1.568363044667684392e+00
1.554367619256618038e+00
1.566635335526953776e+00
1.509656554075616608e+00
1.502500948958233495e+00
1.464789981647626194e+00
1.544351284507784694e+00
1.573999383013868991e+00
1.496432045891007867e+00
1.545276995817711718e+00
1.451984108485955494e+00
1.607454047880100267e+00
1.466510886126744184e+00
1.425005890542252907e+00
1.498819620485327020e+00
1.680907902786054287e+00
1.531826132744680935e+00
1.565638605780585557e+00
1.522705496542458015e+00
1.523292824276387458e+00
1.564963644079003569e+00
1.598239052406989824e+00
1.530051550742170585e+00
1.599893537387189868e+00
1.659117631758826539e+00
1.621510342152130191e+00
1.575279594331230104e+00
1.678769416477394305e+00
1.727516583950427176e+00
1.768763610304514344e+00
1.632597988404074218e+00
1.742880121703765051e+00
1.650216335804195245e+00
1.734413088675913261e+00
1.709072299263817207e+00
1.787642021859385366e+00
1.697367822280295258e+00
1.847867285312093433e+00
1.728426129662683053e+00
1.655603870063247385e+00
1.674693188566666047e+00
1.614822332117056503e+00
1.702164237665253710e+00
1.731328933918082402e+00
1.684796282491531461e+00
1.702853967582926842e+00
1.677163689789154200e+00
1.630849087462638236e+00
1.724185974524563569e+00
1.604852583266626276e+00
1.762314911464988754e+00
1.637292743912942550e+00
1.728402508513309233e+00
1.681791606181265664e+00
1.588051877774595999e+00
1.548078196371011517e+00
1.583780470516622074e+00
1.464352514165090380e+00
1.507674939598978581e+00
1.504378822159153195e+00
1.628893405832600116e+00
1.677389442150996723e+00
1.684797232762181851e+00
1.612025794948210411e+00
1.518047658250940790e+00
1.716311520359669274e+00
1.506369875848891926e+00
1.556060827082846654e+00
1.546979627066777052e+00
1.621821621072009334e+00
1.661793471413542944e+00
1.596998313229018196e+00
