3.656656437688028838e+00
3.652250674088396210e+00
3.570323856148831076e+00
3.647711660975549108e+00
3.762591130659045824e+00
3.548629475836878377e+00
3.555694744427901455e+00
3.776450823984882188e+00
3.831221604607013997e+00
3.637178963919408314e+00
3.508443503002406150e+00
3.819095451209900460e+00
3.523152836091323792e+00
3.552012722310707638e+00
3.600595321390471781e+00
3.746338762888572038e+00
3.749556043489564949e+00
3.693431955865605687e+00
3.925046384387560927e+00
3.654122096809035547e+00
3.536362495288284169e+00
3.664574529371548817e+00
3.456367312069754671e+00
3.655942214553543401e+00
3.486046423593408328e+00
3.895992751292890688e+00
3.487781126673520582e+00
3.515127351144988754e+00
3.802035928754113669e+00
3.663375604366828409e+00
3.584745393221343335e+00
3.645289394743347344e+00
3.542928004322969837e+00
3.548351389328074923e+00
3.647487594223504104e+00
3.419657232847670425e+00
3.708617882982278235e+00
3.631669453999228914e+00
3.551833496455135020e+00
3.673657580848740611e+00
3.736508582920993859e+00
3.315981508353604834e+00
3.627739110276426260e+00
3.738135601136401309e+00
3.735888877762609361e+00
3.638894723792356789e+00
3.888040706946145786e+00
3.639679388277652805e+00
3.813329097837783177e+00
3.602787106641958559e+00
3.633936407166313387e+00
3.708343806588742630e+00
3.576576185196841173e+00
3.821098134057144602e+00
3.615471170873527207e+00
3.602406141567299880e+00
3.540923895242975572e+00
3.557925843866465598e+00
3.549190456843058339e+00
3.466769732315825081e+00
3.725753930939258662e+00
3.763593564545237413e+00
3.639454780889774810e+00
3.736838242920360376e+00
3.628220418239039624e+00
3.685789983347579124e+00
3.589183207438777945e+00
3.766514272607758507e+00
3.545056306637185628e+00
3.667316902541922996e+00
3.549458275234361970e+00
3.660238733144840939e+00
3.458569502308205479e+00
3.742440911473169152e+00
3.526654455711355940e+00
3.607688613966342661e+00
3.526183790517037231e+00
3.557408419025676061e+00
3.549220688073523089e+00
3.722774367844460919e+00
3.640285501849578775e+00
3.837551141970427793e+00
3.556356932570226448e+00
3.853591933900933686e+00
3.507588863304578197e+00
3.860517941855787782e+00
3.717890010449267812e+00
3.841596342942505515e+00
3.656403699473578239e+00
3.668535542158020579e+00
3.710084634132831294e+00
3.664548245286043837e+00
3.394903413646937818e+00
3.784393796797638210e+00
3.786916727350694956e+00
3.669159979078030265e+00
3.699848287271438885e+00
3.763913811978742974e+00
3.755799737961078577e+00
3.619775031337689963e+00
