1.146310112546650606e+00
1.538325737315594077e+00
7.130078984275445286e-01
6.615328633541641690e-01
9.167981199779506873e-01
8.750059109968192361e-01
8.379099037631208002e-01
1.110112587952031493e+00
9.869973840517578534e-01
1.702815278720881897e+00
1.108474201089361566e+00
1.034284142602871270e+00
1.235726637302540620e+00
1.099413722462290632e+00
1.488705129225194934e+00
1.121364155083928171e+00
9.506898107742022264e-01
1.476377489349896655e+00
1.276113506158426558e+00
1.424394776710346866e+00
9.793851220491407439e-01
1.052497114293921010e+00
1.187112292313614592e+00
1.326113184738945572e+00
1.068097115541570385e+00
1.536768324862366475e+00
1.616111109874718288e+00
1.109367710548392338e+00
1.420969332036845945e+00
1.648102943690018085e+00
1.006642877577788475e+00
1.236960539437402806e+00
1.571016212391769251e+00
1.079165926292508848e+00
1.611890512132558184e+00
1.354385714430370591e+00
1.762568812171455557e+00
1.844632544048544487e+00
1.291622027390040506e+00
1.402024115186213837e+00
1.430270611411284643e+00
1.636642143406836780e+00
1.478110024435195236e+00
1.395246374452978166e+00
1.090569895232514686e+00
1.047242183279237571e+00
1.242907603363198277e+00
1.292751036700885203e+00
1.182515625608402399e+00
1.356363968570804657e+00
1.494722869780582775e+00
1.191294431776970919e+00
1.142112380294748597e+00
9.682174914661608733e-01
8.330831971882264320e-01
1.008597414303285200e+00
1.009140899048659223e+00
9.251029463651881946e-01
1.276767705509131323e+00
8.007463637441316617e-01
1.272710369105188866e+00
7.922093277972799275e-01
1.037555121016401793e+00
1.318517137995030231e+00
1.258719616611902792e+00
1.274108642941486735e+00
1.753862242932910931e+00
1.052798275838250142e+00
1.260554910251672212e+00
4.865185675761595219e-01
1.326281302951952679e+00
7.915853318725827314e-01
1.008258709393208941e+00
1.341907467753302274e+00
1.057789562685787610e+00
1.016041635350616090e+00
1.224942624613577946e+00
1.091991460569971428e+00
1.054497202217785201e+00
1.218479439480923743e+00
9.565926874481636144e-01
8.505627151283627896e-01
1.013274225366694203e+00
1.008654499812078775e+00
9.727443703620096693e-01
1.513678254123334899e+00
1.439642438973030236e+00
9.386338549095480932e-01
1.032028113595688357e+00
1.472709429368096234e+00
1.202796046775598260e+00
1.455418793782061737e+00
1.029140212691131318e+00
1.091460886188793333e+00
6.428615360343921115e-01
1.254824185096441003e+00
1.489624914580622628e+00
1.204901902764342170e+00
1.021568578739229682e+00
8.361430859372750435e-01
