8.252093164688463212e-01
1.026751383186836231e+00
7.784105806380318127e-01
9.031331100289146097e-01
5.153813589882867419e-01
8.889303758303074288e-01
1.331578783937405142e+00
5.961953589003609055e-01
9.274793240045641207e-01
1.268011820182491256e+00
7.748058814107270376e-01
1.113866689655897080e+00
1.389263169007915355e+00
1.058099548458039108e+00
1.829491206035475548e+00
1.303226182281573609e+00
1.515644800157440519e+00
6.625785705386644242e-01
6.521825294969184617e-01
9.852584798732850757e-01
8.176152584243827626e-01
8.644122472953549297e-01
1.037967048299716755e+00
1.444291868054070616e+00
6.282674905085329220e-01
1.202681337401890982e+00
1.103248884535171559e+00
4.776322046566219282e-01
1.217223964182431839e+00
6.761847639403720800e-01
8.540868625903245137e-01
9.673715159530644758e-01
1.119920281324958911e+00
1.067611360156253797e+00
1.236040771860573928e+00
8.869337482971889619e-01
1.395163466249459638e+00
1.021713157856601217e+00
1.096644570751835746e+00
6.970774051959521822e-01
1.152455883530304259e+00
1.210025441075839092e+00
1.326761544001910931e+00
1.206764113683518991e+00
1.029339090364312703e+00
8.461162328464804094e-01
9.069356669560642015e-01
6.914954770919170546e-01
9.647784632358700208e-01
7.852056792832082799e-01
1.508096513501408387e+00
1.149987112563339853e+00
1.282446276596043377e+00
1.043835053251588318e+00
1.024141372169534492e+00
1.226077380664140515e+00
9.972868229534476159e-01
1.048791844241265814e+00
1.097679436750697235e+00
4.698123767451191646e-01
9.394645786550984701e-01
7.432179162273253592e-01
7.555590048721790852e-01
3.999433616661196011e-01
1.343563292371834361e+00
8.229448237377673392e-01
7.709231759332271228e-01
5.373118519887010169e-01
7.636401717486521745e-01
8.570251967784039415e-01
9.002110820931158441e-01
9.702721496943855772e-01
4.965709598720885465e-01
6.733082015078678539e-01
8.759817689203501789e-01
6.701102602334155778e-01
5.538502837057420747e-01
8.936531201666251256e-01
5.759614855429603386e-01
6.230011357107102521e-01
1.650339707128037237e+00
9.173985802898561026e-01
8.188163532587166005e-01
6.531117778205056679e-01
5.713029534333768922e-01
4.684142777010124603e-01
6.588648216963138848e-01
7.077533058326581639e-01
5.668232685487453182e-01
1.140687360381600346e+00
1.392418747516554589e+00
7.331496996977452385e-01
4.843003865256811369e-01
1.415605921236403608e+00
9.434709621353472020e-01
5.151790467056165390e-01
7.353513696105336006e-01
1.005137001167099697e+00
9.900401078841887248e-01
8.333503843594330940e-01
