1.261685735683333531e+00
7.273550369849712816e-01
6.149817567154312048e-01
7.481630583876597296e-01
8.987693106592773429e-01
8.113136159996433561e-01
7.608654555549273502e-01
5.968819790728431274e-01
1.037237472927748705e+00
6.714302893622643431e-01
1.086533225203480280e+00
6.227166265708855564e-01
6.860905134490944413e-01
9.887806328975424774e-01
1.039858152637547217e+00
8.908189963181302184e-01
6.552402402505366208e-01
9.578560220457175145e-01
1.021076808639816313e+00
1.054531911772718544e+00
5.174605134178139609e-01
6.158799586973893181e-01
1.077486835275838217e+00
6.069528468685326805e-01
1.455442988034741036e+00
6.940058034691112265e-01
9.628815237168260044e-01
8.902190315904351392e-01
5.291141007958076736e-01
5.835548894132394082e-01
7.729075397898800270e-01
1.001572959376845651e+00
8.159800084054995573e-01
9.189176374806765635e-01
8.021147057715439788e-01
6.629186325467456564e-01
6.175081092992623644e-01
8.664341678282549974e-01
8.140202883970365511e-01
5.921000614121904038e-01
6.980303127735199009e-01
6.358867495089542965e-01
1.070638738035984527e+00
9.326080069149008667e-01
5.165099356836474476e-01
8.741826199438754719e-01
1.009997783383518977e+00
1.197944651152909712e+00
9.010384637383642703e-01
7.155500309251553448e-01
8.420825859643836786e-01
7.536563386083507954e-01
9.089257714553741208e-01
8.306178779201249807e-01
6.385978802439612467e-01
7.265824414239472340e-01
1.147402216538811803e+00
1.453902881565950045e+00
1.317294600208118505e+00
1.206947123306849168e+00
5.822568272260505440e-01
5.505123452146470919e-01
8.456287847845630479e-01
9.238343010490576157e-01
7.701032895538926226e-01
1.087118751674400086e+00
8.527930415425107880e-01
9.348323722050077000e-01
8.722000987471082434e-01
7.655409249951918849e-01
7.806524813798669804e-01
1.192475229987304930e+00
1.181827634260488313e+00
7.408582168936719281e-01
6.805059195917656512e-01
7.811780762131576017e-01
5.630111813569238510e-01
8.739980332912903327e-01
1.016951283307470977e+00
1.112005998058100076e+00
8.229066415828701908e-01
8.959567717073870785e-01
6.760734793011641264e-01
1.022325323307067269e+00
9.410302629871540869e-01
8.161754047398128709e-01
1.184181743415869681e+00
5.689792765252652540e-01
7.613643243932410876e-01
7.186448198807667831e-01
5.967421701996604710e-01
6.009807204083301713e-01
8.752280353207124719e-01
9.437280620731217651e-01
8.249842328381256085e-01
9.325752403523562828e-01
1.221675862509424393e+00
6.094920740404056181e-01
7.901128666127119615e-01
7.859067227658416144e-01
