3.692321296050130819e+00
3.333537146711962773e+00
3.832409786300555954e+00
3.602589619319663594e+00
3.538793506566705993e+00
3.642618021924008964e+00
3.627765996066611986e+00
3.546473242825201933e+00
3.766015519841863224e+00
3.819455612489496499e+00
3.630377277372389244e+00
3.684610035084963986e+00
3.488408458839384441e+00
3.435724909818850925e+00
3.676861551072457601e+00
3.734013080064449763e+00
3.466062274821628097e+00
3.613860591777795506e+00
3.614267656901893666e+00
3.513358176747582551e+00
3.638952751290259968e+00
3.643806403193054599e+00
3.528412234337322761e+00
3.886372514808970280e+00
3.441467704294694840e+00
3.585434928051338233e+00
3.742141028527560476e+00
3.690510984242686643e+00
3.472401502242795424e+00
3.579670406002936733e+00
3.681051587520396851e+00
3.594870295274009475e+00
3.646404746287879473e+00
3.661237651659966730e+00
3.641759678645433596e+00
3.597380235157509265e+00
3.642753176012078153e+00
3.700366733715498402e+00
3.527993998212509474e+00
3.822616765200266720e+00
3.693245433016464130e+00
3.571311977576409280e+00
3.517233792095190381e+00
3.567697171151503532e+00
3.511789034898279649e+00
3.678698593121201288e+00
3.725040934236518719e+00
3.900216570974496921e+00
3.741218558623744972e+00
3.561831760412148551e+00
3.607339725151444743e+00
3.665805182775363935e+00
3.767196394564101158e+00
3.801653030718187942e+00
3.613791439084301782e+00
3.701828223201743651e+00
3.695542475438545527e+00
3.442036815700660224e+00
3.563461221541849078e+00
3.411395861205409386e+00
3.696150586438665453e+00
3.607604895844211068e+00
3.642720583279760227e+00
3.498363460373035139e+00
3.668061281842252885e+00
3.532967013782080112e+00
3.585711009027003016e+00
3.575152915510376506e+00
3.594344206529773267e+00
3.599033545779598331e+00
3.516199843380596324e+00
3.487217341737152143e+00
3.852903899303091517e+00
3.527327182371933656e+00
3.689928366543587135e+00
3.632032516458174598e+00
3.636100461416150509e+00
3.734236081381803629e+00
3.726296599320432890e+00
3.482860503259090468e+00
3.312526453411418714e+00
3.727583643050804696e+00
3.718730388957746325e+00
3.804358817212558641e+00
3.599068463011702246e+00
3.582679996039330295e+00
3.542044048705565995e+00
3.625249402652806818e+00
3.615981102347785470e+00
3.491005344160210022e+00
3.656430500653707227e+00
3.546225118944990928e+00
3.708153749473842797e+00
3.691538109593245576e+00
3.640892797235178335e+00
3.657451412284088654e+00
3.555204127459779428e+00
3.437629736217730603e+00
3.579891366083142845e+00
3.452156793028327897e+00
