3.521760015998108173e+00
3.680971486440783647e+00
3.785350588429807761e+00
3.543654182938820174e+00
3.740894899368404136e+00
3.479832558044371638e+00
3.504276133408170679e+00
3.538096772418777292e+00
3.535771354119653598e+00
3.610339453247243036e+00
3.606384626409746552e+00
3.616714501391485204e+00
3.543714930458455648e+00
3.490018048831580177e+00
3.689701509290461257e+00
3.670786133651549044e+00
3.725246051278243264e+00
3.465697038563327670e+00
3.606772036433229189e+00
3.929998901539280887e+00
3.513610572024572942e+00
3.540988466979932525e+00
3.587998938698168772e+00
3.518843659455611839e+00
3.908251670405713973e+00
3.639912797725213256e+00
3.748146369078755313e+00
3.690723414490090892e+00
3.596763508828645595e+00
3.560622646756792520e+00
3.482667051854101192e+00
3.696587623355990448e+00
3.699425712537128597e+00
4.056748632142262778e+00
3.887290595934141724e+00
3.533316260931497421e+00
3.747607942889767063e+00
3.502944496961470477e+00
3.520195406450369102e+00
3.716130068618089144e+00
3.520198230196526445e+00
3.715944375804214772e+00
3.237415413228066807e+00
3.586061126268413002e+00
3.678786322413114540e+00
3.607737133317507450e+00
3.431709925471766010e+00
3.516652062831146619e+00
3.497265479352320572e+00
3.472961857622900883e+00
3.510138698597747631e+00
3.638851742888551843e+00
3.623342854269384183e+00
3.517928976365189975e+00
3.469075615105111421e+00
3.509939625664773022e+00
3.639754612040924986e+00
3.538304344858556050e+00
3.592338502206937623e+00
3.682577527018570329e+00
3.678724022625650569e+00
3.607746214926986106e+00
3.460091958169596360e+00
3.456422826138852766e+00
3.742759180600719660e+00
3.463705697634074987e+00
3.690793883189317004e+00
3.375338659447257861e+00
3.529499072949975780e+00
3.534824049641204446e+00
3.589279419314803654e+00
3.781956760068362122e+00
3.621191792263807052e+00
3.462355848262437252e+00
3.620997477193372394e+00
3.448219098145695938e+00
3.760402675336076861e+00
3.784378694335206461e+00
3.550141474841738809e+00
3.607922014964408230e+00
3.515823031934083520e+00
3.776668939655737134e+00
3.813744006959858268e+00
3.465040406167835041e+00
3.476101655836477011e+00
3.410547309640225233e+00
3.497361728865565400e+00
3.586685314236362387e+00
3.951184079357646706e+00
3.886955832620085260e+00
3.687911984298450019e+00
3.852426842442579158e+00
3.862700295094789738e+00
3.957932851458896728e+00
3.523517321380093659e+00
3.517031155457069680e+00
3.668149570474058319e+00
3.687132154194836531e+00
3.808922889759263963e+00
3.718391976843113955e+00
