1.615372436938835365e+00
1.658165424598130100e+00
1.651564131248749678e+00
1.662765012347968030e+00
1.677262561404495811e+00
1.703890283415479434e+00
1.713430844693236699e+00
1.640911256866968371e+00
1.593061798959201747e+00
1.591850746709147835e+00
1.549813650280097432e+00
1.670882907543323581e+00
1.617945255581717756e+00
1.506406889045617703e+00
1.778512954206613594e+00
1.583988624532300715e+00
1.671149683360218630e+00
1.636880259202082355e+00
1.582564388974682545e+00
1.576357336225289396e+00
1.598677580494897610e+00
1.599212076348057954e+00
1.619334605161265372e+00
1.752236037013112702e+00
1.679828807083029396e+00
1.811467413771894908e+00
1.894502703139703925e+00
1.833987644319571064e+00
2.129094121628349878e+00
2.084257563369538602e+00
2.104268776773066563e+00
2.012753545618639173e+00
1.914394995415287681e+00
2.308524830451880394e+00
2.076565432969479374e+00
2.104725076271301010e+00
1.993161122652240547e+00
2.092099485333808406e+00
2.394171802051005216e+00
1.933757818645355675e+00
2.234968366403438988e+00
2.071310286916372423e+00
2.397033392186919354e+00
2.470764036347125714e+00
2.061597600416864573e+00
2.093141220497615418e+00
1.957421401550526685e+00
1.955333897936801790e+00
1.967550029226034836e+00
2.014406476793587863e+00
1.746598948166079746e+00
1.744123852692217591e+00
1.826856603691655367e+00
1.793300400000726214e+00
1.892632107862420421e+00
2.023926817972650838e+00
1.781889013200778971e+00
1.939362501144156203e+00
1.885142525193429730e+00
2.076164429938300859e+00
2.047957045920454799e+00
1.863735577101210295e+00
1.830242917065206587e+00
1.972582794323647581e+00
2.062845765439551560e+00
1.878652938125707328e+00
1.956353229634442803e+00
1.789151871966385254e+00
1.928992234960272389e+00
1.960322285319701763e+00
1.852955875380440487e+00
1.840256569448973867e+00
1.866578438997739564e+00
1.837038001699162093e+00
2.154543957033331125e+00
2.210213083743430840e+00
2.343640405812408734e+00
2.393695840309408407e+00
2.324258302620562322e+00
2.188533766831406435e+00
2.127969118100516699e+00
2.003078843003350595e+00
1.856221128693198885e+00
2.033134578577084461e+00
2.322351767967422820e+00
2.182120572610247500e+00
2.215039450888073524e+00
2.138895804583150095e+00
2.270705715979779438e+00
2.357903670826243303e+00
2.102317723045383779e+00
2.333155680203824023e+00
2.184511142030178821e+00
2.062520142919127775e+00
2.471963245176059143e+00
2.013125606012667657e+00
2.060834574055359081e+00
2.274152235705761527e+00
2.284581660486884491e+00
2.207782765003040826e+00
